2361 7182
1 1 2 3 
1 4 5 6 7 8 9 10 
1 11 12 13 14 7 
2 195 272 299 273 377 379 814 277 996 786 280 1619 1208 4 4 1811 973 999 841 178 
2 11 1213 1214 5 5 1296 6 7 1852 974 1853 1519 1850 525 1324 
2 1214 1215 5 1296 7 1852 1519 1297 1854 1324 
2 3 126 1213 1214 5 1296 6 7 7 1852 974 1519 1297 1855 
2 195 
2 748 754 510 68 1297 755 760 763 1615 1611 1766 
2 380 910 814 1131 279 1229 280 1257 37 726 425 406 1811 1916 10 10 1994 397 410 629 159 
3 243 533 626 11 11 969 5 1296 1297 690 1169 838 887 1298 207 796 1299 
3 1742 12 12 13 1151 
3 30 1742 12 13 13 1785 384 
3 78 196 436 84 85 214 581 870 327 90 14 14 1028 1029 93 1793 1794 
15 15 16 17 18 19 20 21 22 23 
15 24 25 26 
15 17 17 27 28 29 30 24 31 32 33 34 35 36 37 38 39 40 41 42 43 44 45 46 47 48 49 50 51 52 53 54 55 56 57 58 59 60 61 62 63 
15 28 64 65 66 67 68 69 70 21 71 72 73 74 
15 266 28 375 830 832 837 391 41 42 838 180 839 840 
15 164 195 371 376 273 426 624 442 951 1098 807 364 224 1331 1347 216 20 20 877 1211 1381 1255 1458 1101 856 1459 1460 282 841 109 226 1213 1214 1215 1222 1224 1102 1216 1217 1219 1461 227 456 825 290 291 1462 1315 1463 1464 1019 844 1465 372 1466 1467 795 1468 1469 397 205 1470 556 1471 297 
15 18 299 269 85 777 778 910 1053 814 864 877 417 260 1061 967 968 1811 473 788 1920 523 794 177 1330 284 828 511 555 1485 285 54 291 795 119 63 1429 885 838 775 956 1171 897 2044 2045 2046 784 1822 2012 2047 2048 1787 2049 2050 2051 905 120 2052 2053 2054 295 2055 2056 
15 375 325 283 1485 797 2226 
15 29 998 41 825 59 887 236 839 2262 
16 17 433 630 447 24 24 632 635 636 130 640 570 362 682 683 324 684 685 686 687 642 399 688 43 45 689 690 691 692 693 
16 193 195 854 319 87 814 996 1450 1255 1067 1708 1719 25 25 700 1127 1856 1857 256 
16 442 340 1590 227 1835 794 828 285 729 775 2008 1922 2231 2352 2353 2354 
17 27 27 104 121 
17 18 264 265 266 267 81 28 28 268 273 274 19 275 276 277 278 279 280 281 282 41 283 284 285 286 287 54 288 289 290 291 292 293 112 294 295 296 73 231 297 298 159 
17 432 442 443 393 303 179 444 445 120 23 309 446 188 
17 360 521 251 342 522 13 523 524 525 526 
17 766 442 64 86 65 66 67 329 69 52 71 445 783 784 73 74 785 
17 929 32 32 943 
17 631 868 33 33 1177 1095 1178 202 216 1109 1006 1179 
17 1434 407 93 1352 
17 143 
17 360 537 626 576 597 320 682 771 1194 1195 1196 1197 450 324 613 1251 595 1096 216 1478 451 614 40 301 1662 1459 227 772 1125 43 45 47 395 1663 524 284 511 1562 1015 1664 1665 1666 1016 1667 1668 456 1669 843 1670 270 1671 555 1672 1017 1621 691 1169 1673 825 158 1265 
17 702 614 522 1345 1661 10 
17 129 64 169 38 38 1727 44 1021 
17 272 643 517 104 419 726 39 39 
17 404 36 1663 
17 28 19 417 418 280 590 406 421 422 423 1488 398 23 
17 19 1096 590 134 
17 24 437 36 121 
17 169 38 1902 1903 
17 24 616 955 320 993 139 1270 654 1271 36 281 1854 1833 1485 209 1902 1904 1886 
17 253 
17 36 1497 1663 
17 
17 
17 
17 442 64 66 67 329 68 1692 1742 69 1835 71 1905 230 783 839 72 73 1906 74 819 785 1907 
17 31 222 951 52 52 1950 
17 53 53 
17 28 529 115 811 778 437 173 110 21 293 71 308 309 525 526 
17 168 1502 
17 
17 
17 
17 616 1348 1317 120 307 23 565 2080 1824 
17 1096 590 
17 1096 590 625 185 
17 442 446 
17 1096 68 21 230 295 629 1167 185 
18 127 272 31 64 64 200 949 950 222 951 952 645 953 954 742 403 955 216 38 51 816 838 956 957 
18 272 31 701 1031 1036 65 65 718 363 201 706 698 689 70 
18 31 300 66 66 1072 1073 1074 1075 724 646 1076 992 1078 655 727 1077 51 816 
18 198 31 324 202 97 51 601 816 956 904 
18 748 1365 754 510 419 615 68 68 998 359 51 755 758 1682 1683 1615 1611 9 1003 148 63 816 956 1684 
18 191 257 428 31 249 683 355 204 582 336 946 607 69 69 1260 1805 51 816 980 956 351 611 161 
18 635 1030 1034 717 695 1036 65 718 1037 363 1038 1039 682 683 1045 1347 603 542 726 1047 70 70 229 816 1316 457 1385 1108 
18 31 51 523 54 816 2162 2163 2164 956 
18 51 456 816 956 295 2248 
18 28 31 1347 856 51 816 829 838 956 236 1388 1413 776 
18 31 1305 418 356 51 1002 774 956 1147 1906 2328 
75 75 
76 76 
77 77 78 79 80 
77 78 78 81 82 83 84 85 86 87 88 89 90 91 92 14 93 
77 442 1123 1282 1283 1284 1287 784 519 1746 
77 
78 264 265 266 267 81 81 28 272 268 
78 212 243 314 360 213 198 361 362 363 277 364 138 365 339 173 366 367 368 205 
78 191 195 269 428 528 196 529 531 83 83 532 536 429 430 431 538 436 318 570 84 540 571 572 573 574 575 576 577 578 579 214 580 581 86 87 249 251 582 437 135 583 519 584 585 586 587 588 589 
78 268 83 643 85 87 521 88 89 132 92 14 93 146 410 526 
78 193 643 318 84 540 85 85 742 521 592 14 679 219 746 21 352 353 
78 528 196 83 532 536 429 197 431 537 436 199 570 31 115 573 574 580 86 86 363 597 249 598 251 332 595 204 582 563 728 606 564 607 841 485 135 600 1015 1016 1017 1018 1019 1020 1021 236 1022 1023 845 1024 1025 1026 351 585 161 
78 83 84 87 87 521 88 1027 725 89 656 90 92 1028 25 1029 93 526 
78 239 243 375 436 84 705 87 1049 245 247 248 88 88 320 249 1099 449 870 1100 382 172 255 
78 84 87 89 89 995 1433 216 416 1434 351 
78 442 87 1282 92 14 93 297 526 
78 100 
78 310 624 626 84 87 870 387 324 1275 1381 90 1484 794 1084 729 1383 1792 835 836 1385 1319 1386 1387 1390 1391 894 
78 84 87 870 34 90 14 93 93 1945 
94 94 95 96 97 
94 95 95 98 99 100 101 102 103 
94 96 96 104 105 
94 243 643 198 361 318 319 742 363 323 324 325 1250 326 327 328 202 67 598 329 330 331 484 582 333 727 599 732 334 335 336 97 97 337 338 169 339 340 735 341 1533 1124 960 963 972 344 453 252 302 1534 1535 303 1536 1537 172 1538 
95 273 98 98 624 451 456 158 
95 1045 99 99 837 852 1526 625 302 303 421 112 120 587 623 
95 1312 91 1016 2097 
95 590 102 2083 789 
95 448 590 101 103 1318 2152 2153 256 789 
95 590 102 
96 113 27 263 465 310 832 814 1225 1275 1043 702 278 1380 1381 935 1044 703 698 1382 998 39 720 1379 688 1314 366 708 704 689 794 511 456 158 1265 1316 829 1180 1317 1383 1384 834 835 1385 1319 1386 1387 1388 1389 1390 1391 1392 1393 1337 208 
96 292 1390 
106 106 107 108 109 110 111 112 
106 863 1063 1161 280 1168 856 218 1164 841 110 1165 1016 1169 556 410 1170 776 231 
106 428 702 877 418 1198 1044 1129 1199 703 1561 688 588 
106 447 472 925 1443 20 1116 131 926 109 109 359 808 
106 447 854 107 1161 1811 110 110 1165 54 1467 829 1364 1393 796 1167 297 1824 
106 272 442 1964 690 1401 511 1174 838 887 157 860 1966 1967 1879 
106 28 272 299 273 626 1331 1347 418 280 451 99 1554 1168 726 856 425 406 282 1811 841 883 421 423 1980 692 290 292 1426 568 884 838 1796 887 853 207 1187 2205 1821 2206 2207 817 2208 893 1797 
113 113 104 
114 114 115 116 117 118 119 120 
114 310 115 115 791 86 597 792 226 253 793 794 54 795 796 797 798 799 800 801 802 
114 164 130 362 442 778 814 706 336 169 720 1184 408 689 804 850 511 1185 1186 1187 
114 117 117 
114 1053 1478 118 118 1015 692 2008 1298 
114 379 1189 21 1087 2118 2119 1316 2120 2121 2122 
114 272 379 29 570 616 403 574 814 682 387 771 1347 99 542 726 841 1000 1995 21 229 285 287 59 558 838 1171 236 2096 1261 211 1258 1360 2230 2231 2232 1813 2233 2234 184 
27 379 726 43 1241 1485 776 1911 
122 122 123 124 125 
122 123 123 828 270 
122 
122 1572 516 
126 126 127 128 129 7 
126 130 64 131 132 133 134 135 
126 128 128 
126 136 137 138 139 140 131 141 142 143 144 145 132 38 134 146 147 148 149 
127 630 447 631 24 632 634 635 636 130 130 640 641 695 696 116 697 684 685 686 687 642 
127 129 769 925 807 937 225 131 131 419 393 109 808 1491 
127 129 315 377 535 84 748 769 355 996 1097 132 132 358 959 1708 1709 1497 
127 955 551 
127 129 1694 134 134 658 42 1880 
127 528 196 83 197 431 436 199 570 540 572 577 579 86 249 251 332 595 604 737 563 564 608 135 135 600 256 519 
129 448 248 136 136 807 225 1115 392 393 808 
129 377 769 137 137 1226 996 404 617 
129 82 324 138 138 613 438 524 
129 355 993 1268 653 139 139 1270 654 752 1271 45 
129 475 996 140 140 1331 1332 1333 
129 141 141 
129 376 273 475 996 1131 786 877 1557 1168 563 142 142 1573 1520 1574 1575 788 941 790 1576 
129 257 447 1257 878 656 1588 1590 1592 143 143 1594 1595 1596 855 1597 1598 1600 753 1601 1602 1603 1604 1609 754 1610 1212 35 510 1294 
129 522 144 144 1674 
129 932 925 937 216 225 1557 391 1688 145 145 1494 1694 1061 1695 1313 1459 1696 1019 795 1171 1697 1698 
129 84 1381 146 146 
129 955 937 1493 1496 551 1674 627 179 
129 244 996 68 359 148 148 
129 257 377 854 1095 937 1212 1828 149 149 2061 2062 2063 2064 
150 150 151 152 153 154 155 156 
150 157 
150 
150 155 158 159 
150 155 160 161 
150 153 154 355 
150 371 1264 
151 626 222 951 954 771 726 1607 660 1964 690 111 2026 555 158 1402 1485 285 729 1462 1464 1019 556 1426 1020 1429 1316 1180 1703 2165 2092 2166 2167 860 1792 2168 957 1186 1021 1171 2169 2170 1806 1128 
153 428 98 810 104 280 36 959 1330 2087 157 307 586 
153 28 299 394 10 2017 884 776 2334 
154 171 285 1703 1390 1800 2306 
154 243 379 317 431 537 616 644 955 576 86 202 251 541 216 548 728 69 973 1854 1125 661 691 205 556 1922 1171 2301 1210 2338 2339 
162 162 
164 165 
163 166 167 116 168 20 169 170 171 172 173 174 175 176 177 178 179 180 181 182 183 184 185 186 187 188 
163 
164 766 767 386 768 166 166 218 780 781 782 514 
164 447 448 952 645 387 982 983 167 167 333 1150 984 985 1151 1152 1153 1154 
164 437 55 
164 116 1188 329 334 97 1168 1014 38 552 172 44 1485 692 829 1539 1540 
164 378 170 170 1584 
164 433 442 280 301 973 177 511 765 457 1187 160 1800 1801 
164 239 243 361 318 88 320 249 327 202 598 333 334 335 336 97 338 169 733 341 687 1534 172 172 347 1814 1783 601 1815 1816 583 
164 82 376 380 571 747 750 769 814 786 1472 279 280 1255 406 173 173 1820 282 1016 456 54 1426 1430 1186 1298 207 1821 1822 1701 1823 186 
164 273 910 996 1229 850 174 174 1991 
164 1545 1995 1996 1997 
164 1530 1459 1545 1996 176 176 177 1998 
164 1096 1348 590 1530 171 1459 1995 176 177 177 21 293 525 
164 1097 4 1241 178 178 1401 
164 29 387 1440 726 147 627 1020 853 2012 2013 
164 19 652 1510 1093 1015 2173 458 1905 2174 2175 2176 
164 616 941 884 2138 2210 2211 
164 626 438 794 
164 
164 303 120 2296 
164 442 443 1229 280 421 794 511 61 63 2219 
164 433 616 403 683 1312 726 173 828 1084 1016 456 1467 1430 1700 1171 236 1390 2206 2344 2345 
164 451 1459 828 456 1621 1169 
164 29 403 682 771 1478 658 757 1667 1020 1171 1128 2345 2357 
189 189 190 191 192 193 194 195 
189 
189 194 196 83 197 198 199 200 201 202 203 204 69 205 206 207 208 209 210 211 
189 
189 212 213 85 214 215 216 217 218 25 219 220 221 
189 191 
189 83 222 223 224 216 20 225 4 226 25 227 8 228 229 230 231 
191 428 83 536 429 430 431 199 86 249 251 563 14 219 135 351 565 
191 428 536 431 199 574 86 597 249 202 598 251 332 582 437 599 563 564 135 600 601 557 351 602 519 587 589 
191 82 643 198 198 361 318 319 323 324 325 326 327 328 202 67 598 329 330 331 582 333 732 335 336 97 338 339 733 734 340 735 341 
191 268 528 196 533 536 197 537 436 643 361 199 199 570 540 594 319 574 579 86 249 202 251 332 204 215 737 541 335 563 564 608 552 135 557 352 738 
191 64 519 958 
191 65 521 201 201 404 852 1058 425 1059 281 1060 1061 879 806 1062 
191 243 498 197 198 199 769 249 873 33 324 202 202 67 329 582 216 1255 97 339 1256 1257 172 680 351 519 611 352 161 612 
191 324 
191 243 536 431 199 86 329 251 564 69 
191 82 249 582 20 552 557 519 352 161 
191 421 2129 514 
191 809 723 11 280 1097 303 173 421 745 518 112 295 307 398 629 1541 2197 
191 104 
191 45 
191 
191 120 2079 2223 
193 243 314 315 82 316 
193 82 360 213 213 310 362 515 365 516 366 
193 83 535 430 214 214 542 593 14 219 
193 538 641 643 199 540 594 741 319 251 737 582 743 590 588 
193 195 239 272 466 428 531 533 319 64 949 249 33 1202 996 404 202 1131 89 1361 1437 1438 1439 438 1440 1441 1442 1443 1444 1445 1446 1447 1448 1449 1450 20 1451 1452 36 145 552 439 227 255 669 1359 1453 309 586 1454 161 1455 
193 614 217 217 1124 
193 166 1063 107 1161 1450 218 218 780 781 1164 782 
193 196 535 537 436 85 214 943 1862 1273 1106 1314 
193 1452 220 220 512 
193 633 635 641 643 362 616 742 743 1027 1230 1106 1126 221 221 
195 64 222 222 951 952 645 954 924 960 961 962 963 964 965 966 967 968 969 970 880 971 972 453 973 974 975 52 976 977 287 293 157 978 979 
195 929 932 223 223 364 224 
195 223 224 224 20 226 1213 1214 1215 1222 1223 1224 227 228 307 
195 428 529 540 741 925 1098 249 136 807 864 364 1176 582 438 1116 131 1489 603 926 1211 1490 145 439 680 1144 306 1148 1070 353 1135 922 526 
195 115 224 20 1213 1214 1215 1222 1223 227 
195 529 1098 364 224 216 20 36 226 1499 26 
195 380 536 431 224 228 228 307 
195 742 959 70 229 229 120 309 
195 273 570 1053 771 1441 418 603 1761 399 406 973 841 51 712 1986 1016 1274 692 287 1404 844 63 838 1922 1807 1298 663 1784 1122 1454 2185 2186 1065 2187 2188 2189 
195 28 447 107 289 1922 2107 2308 
232 232 233 234 235 
232 236 
232 
232 
233 831 86 658 271 1888 120 23 309 73 525 186 
237 237 238 239 240 241 
237 238 238 241 242 
237 243 244 245 246 247 248 88 249 250 251 216 252 172 253 254 255 256 
237 
237 238 241 241 257 
238 618 1057 
239 212 243 243 82 317 318 319 88 320 249 321 322 323 324 325 326 327 328 202 329 330 331 251 332 204 11 333 334 335 336 97 337 338 339 340 341 342 343 344 172 345 346 347 348 349 350 256 351 352 353 161 
239 447 909 244 244 705 320 249 807 652 911 912 653 913 914 463 453 915 916 917 918 919 920 921 148 255 922 
239 521 245 245 247 88 320 249 1055 1056 388 438 926 552 311 1041 
239 361 723 955 521 246 246 320 1063 998 457 1064 1065 
239 910 949 521 245 247 247 88 320 249 751 1055 1056 1066 356 
239 742 925 248 248 88 1098 320 249 136 807 719 
239 243 196 83 197 537 436 361 199 570 540 362 741 244 705 955 577 580 86 245 247 1080 248 88 320 1100 1079 250 751 202 251 541 216 225 339 1105 548 552 69 252 172 1106 366 253 311 254 135 690 691 601 205 1107 255 1108 851 445 256 1109 1110 441 1111 1112 1113 1114 
239 931 320 249 1054 250 250 1123 1124 1106 1125 1126 1127 
239 243 30 196 83 532 429 197 431 537 436 361 199 318 570 540 572 574 576 577 579 86 249 1141 251 251 332 595 204 604 605 215 737 582 732 542 563 1083 606 549 564 607 1273 135 1274 692 584 585 587 161 
239 431 538 616 955 320 249 541 97 1536 559 1806 1807 1337 602 1808 1809 
239 471 115 616 500 249 721 46 941 253 253 1919 271 1920 1921 511 285 1925 401 1926 
239 320 249 254 254 1933 
239 318 809 244 521 88 320 249 605 1027 725 1096 1348 1350 216 1581 1207 548 1834 1880 1672 1466 559 2178 2179 2180 
239 243 431 447 318 540 362 320 249 771 329 541 679 1028 25 135 1019 1426 1020 102 2195 2123 
241 258 259 260 143 69 261 149 
257 258 258 
257 992 1054 1079 
257 878 21 1563 
257 878 261 261 
262 262 
263 263 104 
264 264 265 266 267 81 28 268 
264 265 265 266 267 81 28 268 269 270 
264 265 266 266 267 81 28 268 19 271 
264 265 266 81 28 268 
264 265 266 267 81 28 268 268 310 199 84 311 312 313 
265 428 83 429 430 431 21 
265 36 123 920 1908 1015 1145 293 2085 1236 
266 376 941 253 1921 816 236 
81 299 64 65 300 216 39 301 302 303 4 111 304 305 306 112 120 307 308 309 
28 299 98 403 404 20 405 142 406 4 407 408 174 409 410 230 411 112 412 
28 299 389 
28 275 275 928 
28 929 942 
28 82 448 1201 277 277 1206 878 414 391 1207 1067 1208 461 393 4 1209 1016 287 1210 
28 695 1043 1365 702 104 278 278 1044 703 1394 698 728 720 1379 688 704 689 775 
28 378 416 417 279 279 418 280 1255 960 964 965 420 406 173 421 422 1481 423 10 293 307 398 401 588 1482 
28 376 378 533 442 107 1161 404 1331 416 417 279 418 1229 1206 425 171 420 406 173 4 973 883 1484 41 421 422 423 10 1330 158 1485 887 775 662 207 1486 112 398 296 629 1487 1167 525 185 
28 201 45 307 
28 1348 20 173 690 397 884 112 1824 1482 1352 
28 778 1096 857 22 
28 379 1051 1472 36 21 284 284 
28 959 253 21 157 120 160 26 
28 
28 375 497 766 222 1177 277 329 721 1330 1488 230 445 120 295 790 
28 
28 231 
28 20 112 
28 471 778 20 590 21 307 
28 1348 112 2079 297 105 
28 222 951 1361 279 856 177 270 1274 54 884 885 886 838 1796 2133 887 2134 
28 871 1719 473 850 1545 828 884 897 1261 2221 2222 
28 910 842 883 1990 21 287 63 884 885 207 1193 72 776 296 2111 
28 910 683 418 280 451 726 856 973 772 473 1990 555 1017 1019 2109 1429 885 887 2008 1128 1807 897 295 519 1487 2259 514 446 2260 1191 2261 
28 814 20 856 90 110 828 292 884 885 525 
28 378 771 417 1121 1579 973 559 776 1813 2312 2313 
272 299 299 375 376 273 377 378 379 380 274 381 382 383 4 21 112 384 159 
272 300 300 66 1072 1073 1074 1075 597 724 646 1076 992 655 1077 
272 778 324 613 1255 36 301 301 1795 171 452 1796 1797 1798 525 1799 
272 99 335 336 97 485 1810 511 1169 1019 
272 29 626 872 99 97 726 1811 1812 555 829 1186 207 796 1813 184 
272 304 304 1978 1979 
272 305 305 
272 387 225 1485 729 1020 1429 558 2008 1922 2098 1948 
272 533 386 769 442 1163 224 279 1255 1554 356 281 973 794 228 158 1144 291 59 885 1922 1948 1412 207 1005 1358 2240 2241 2242 2243 2244 2245 2246 
272 314 435 828 511 54 844 1426 457 1701 776 2250 
272 29 626 616 403 814 682 387 443 771 924 517 1329 216 1478 998 726 1459 841 366 772 1995 1728 229 1016 843 555 1265 54 1019 372 1467 795 1020 558 1316 1180 1703 853 836 236 1108 845 783 1320 796 1531 2278 2279 2280 2281 2282 2283 2284 
268 360 213 115 515 517 104 365 92 518 519 520 
268 245 249 438 
268 765 
268 
212 314 314 82 354 308 
212 315 315 355 132 356 357 358 359 
212 316 316 369 370 
243 432 447 448 449 450 451 389 452 453 454 455 456 457 458 459 460 161 
243 83 436 643 198 85 363 521 324 329 251 727 97 728 564 172 359 255 256 351 612 739 
243 428 536 198 199 616 324 329 215 582 216 97 735 342 614 522 615 564 25 345 790 
243 436 244 245 246 247 248 88 249 250 36 252 172 45 254 1103 255 256 1104 
243 447 647 321 321 1156 648 1157 649 650 651 322 1159 1160 1121 345 
243 447 647 321 1156 648 1157 1158 649 650 651 322 322 1159 1160 1200 356 345 
243 198 649 323 323 652 911 912 324 97 342 345 
243 24 643 198 318 594 319 323 324 324 138 325 1250 326 327 613 328 1228 202 67 598 329 1131 330 1251 203 331 590 97 36 92 301 524 519 1252 
243 198 324 97 22 
243 198 324 97 
243 198 324 329 97 14 172 
243 198 324 97 
243 198 361 318 362 594 31 319 814 324 327 202 598 329 329 331 204 333 732 334 335 336 97 1259 337 338 169 566 1260 51 843 287 559 956 256 562 1261 1262 1263 
243 626 198 1189 324 97 555 1265 1266 
243 198 324 329 97 
243 429 197 431 199 86 251 582 728 564 407 135 557 352 
243 198 167 329 1043 97 728 172 
243 329 97 169 172 
243 198 199 649 598 329 582 97 728 564 302 172 345 519 611 
243 198 116 329 97 69 302 172 1019 1531 1532 
243 329 97 
243 198 832 329 97 439 172 627 
243 82 198 249 202 582 97 850 
243 198 97 26 
243 198 97 172 
243 30 529 362 319 931 323 702 1437 413 1623 1625 1627 1628 1629 1630 543 1631 1632 544 1633 744 1635 1636 1637 1638 1640 545 1641 1642 736 1643 546 1336 547 
243 343 343 
243 598 97 344 344 
243 447 319 647 321 1156 648 1157 1158 649 650 651 322 1159 323 335 1572 345 345 516 
243 346 346 
243 613 172 524 
243 613 590 524 
243 
243 
243 196 197 431 436 318 540 594 955 574 576 86 202 89 541 69 772 600 828 1265 765 1337 2045 1338 602 2247 846 
243 431 631 641 199 570 362 594 85 616 202 332 541 548 555 692 205 2008 1391 1337 846 2123 1236 2297 2298 
243 641 362 85 1098 541 225 1211 414 1207 1337 846 1110 2123 2301 2302 
314 475 1349 1659 1932 
315 992 443 1188 155 993 139 924 132 392 69 
315 433 769 247 1157 649 650 322 1131 1361 356 356 358 1710 959 1497 850 307 74 
315 719 
315 132 356 959 1708 
315 375 318 540 925 814 1597 754 510 419 68 109 359 359 755 1682 1683 454 1832 1833 1615 1611 1003 148 
82 360 360 213 310 30 36 514 
82 643 198 199 246 249 329 251 727 97 736 172 
82 213 538 24 632 635 643 362 362 723 616 740 741 742 249 116 329 582 743 725 707 342 744 726 618 679 745 221 557 256 352 353 670 
82 428 318 86 701 1032 717 695 65 718 363 363 521 582 707 451 97 698 615 1047 1048 688 70 
82 1098 223 364 364 20 225 1211 914 1212 393 1101 552 1213 1214 1215 1102 1216 1217 1218 1219 1220 1221 227 1193 764 
82 213 310 
82 213 635 249 1349 104 366 366 309 1070 
82 379 923 1941 
82 1953 368 368 
316 771 603 
316 370 370 
371 371 20 372 373 156 
371 20 941 309 2100 373 904 
371 372 
374 374 
299 385 386 19 88 387 388 389 390 391 392 393 394 359 395 396 287 397 22 398 
299 20 280 142 399 173 271 400 401 402 
299 137 413 414 132 415 4 149 
299 416 417 279 418 280 170 419 420 406 421 422 423 398 298 
299 424 389 4 121 367 284 119 120 161 
299 416 417 418 425 420 406 173 421 422 423 10 228 
299 475 535 570 996 994 381 381 1291 1292 604 605 
299 88 1097 1241 850 1549 1550 1551 1552 1553 
299 771 391 1209 1015 1426 1430 829 796 784 1701 1702 
299 954 780 13 1990 1004 1882 1340 2300 
375 474 475 476 477 478 479 480 481 482 385 385 483 489 
375 766 767 386 386 768 166 777 442 778 779 773 765 307 
375 428 742 387 387 982 1143 983 167 719 959 92 179 455 1144 1145 457 306 120 1146 1147 1148 309 1135 1149 520 904 
375 245 515 388 388 1418 1419 1420 
375 379 274 317 769 644 742 541 945 389 389 946 410 
375 390 390 1585 1586 
375 19 925 1202 277 914 414 391 391 1207 1067 1208 1688 1689 145 548 1690 383 461 1691 1692 
375 472 925 136 807 355 1271 914 1115 392 392 1722 1723 1724 1725 919 
375 29 635 777 925 136 807 277 364 131 1489 913 914 1115 1120 1101 1726 
375 394 394 552 1788 1134 159 
375 1257 36 395 395 
375 396 396 
375 616 910 682 20 1478 1255 837 852 935 1097 880 282 10 1274 1315 1850 885 1922 1128 2101 2102 2103 1384 2104 2105 891 1943 
375 378 1331 416 279 418 1229 280 1206 425 406 883 1484 41 421 1483 423 207 
376 24 1131 399 399 230 591 
376 1222 511 1017 1319 2218 2219 
376 1272 279 941 253 2305 1926 
376 726 
273 428 442 64 403 403 996 997 998 999 841 862 1000 1001 1002 1003 1004 120 1005 309 514 525 186 188 
273 447 448 594 910 955 201 137 404 404 1228 437 216 1229 280 736 1230 608 879 961 963 964 880 972 40 1231 1232 1233 439 1234 1235 1062 1190 1236 
273 475 493 471 910 996 1131 1332 590 1255 405 405 1554 1555 1556 1557 1168 
273 378 380 1331 417 279 418 280 1206 1255 425 960 961 962 963 964 965 966 967 968 972 420 406 406 173 883 1484 41 421 422 423 485 10 230 112 398 
273 1049 996 332 34 1858 1859 1860 
273 1161 116 786 408 408 
273 513 409 409 
273 537 84 778 107 771 389 10 815 774 
273 2190 892 
273 1020 
377 931 413 413 1623 1624 1625 1626 1627 1628 1629 1630 543 1631 1632 544 1633 342 744 1634 1635 1636 1637 1638 1639 
377 578 277 1012 1013 914 414 414 998 1686 726 391 353 
377 415 415 1786 
378 380 742 1331 89 995 1433 438 416 416 417 279 418 1229 280 1206 398 
378 380 1331 416 417 417 279 418 1229 280 1206 1255 1097 425 964 967 420 406 883 41 421 423 21 298 588 
378 380 1331 416 417 279 418 418 1229 280 1206 1255 108 878 425 420 406 883 41 421 1483 422 423 230 112 398 296 629 74 
378 925 1229 131 1490 510 419 419 68 39 359 
378 380 1331 417 279 418 280 1206 1255 420 420 406 1817 1460 1818 938 1819 
378 380 1291 1331 417 279 418 1229 280 1206 1255 99 425 962 964 966 967 972 406 883 41 421 421 1483 1780 422 423 1863 206 207 112 398 629 1824 185 
378 380 1331 279 418 280 1206 1255 425 964 406 41 421 422 422 
378 380 1331 417 279 418 1229 280 1206 1255 425 406 883 41 421 1865 112 398 629 
379 424 424 1078 828 1128 
380 201 1161 1331 417 418 280 1206 1255 406 421 422 423 10 112 398 
426 426 20 427 
426 626 603 772 555 1265 
269 433 428 428 528 196 529 530 531 83 532 533 534 535 536 429 197 430 431 537 538 436 539 540 319 403 363 387 541 216 225 542 108 543 544 545 546 547 548 549 550 551 552 69 553 554 456 555 158 556 557 558 559 560 561 562 
269 428 528 196 529 83 532 534 535 536 429 429 430 431 537 570 86 251 332 437 
269 428 528 196 529 531 83 533 534 535 536 429 430 430 431 537 436 214 603 
269 428 528 196 529 83 535 536 429 197 430 537 436 570 540 574 577 579 580 86 251 332 595 204 604 605 582 606 564 607 608 252 135 600 228 596 609 256 351 610 611 587 352 161 612 
432 432 433 434 29 317 435 
432 428 436 24 437 438 356 439 171 440 441 186 
432 
432 461 308 
433 428 83 536 430 431 537 447 199 318 570 574 577 86 597 88 320 249 251 605 582 564 552 14 219 135 596 601 557 351 619 585 565 587 
433 83 429 197 616 955 573 574 576 771 404 1271 1424 168 1361 603 451 726 1260 43 793 711 54 1425 1185 1426 1427 1428 1020 1429 1430 568 1431 1432 
433 245 450 1238 138 216 416 225 552 453 311 559 1456 182 
433 404 604 216 225 338 559 
433 814 1098 617 829 2220 
433 447 778 249 451 1084 456 1621 556 2206 897 2052 2171 1111 
29 386 31 442 442 778 403 870 871 872 873 874 875 682 116 876 20 877 280 878 614 79 90 879 880 881 171 882 883 772 51 111 62 816 884 885 886 887 775 888 889 890 891 892 893 894 861 895 896 666 897 898 899 839 900 901 902 903 307 525 185 904 26 739 
29 616 443 443 1188 1189 355 563 522 558 309 185 
29 1627 1060 444 444 2018 518 2019 2020 2021 1922 
29 31 249 287 783 2203 
29 682 683 1780 62 775 897 296 2304 
317 436 630 24 635 636 130 448 643 570 244 644 645 646 167 647 321 648 649 650 651 322 404 652 653 654 655 582 656 143 657 109 110 345 658 659 660 661 662 663 256 664 665 666 667 668 669 441 670 231 671 672 673 674 675 676 677 
317 630 447 635 644 645 136 167 277 404 715 582 657 102 668 716 
317 88 1122 
317 450 450 1238 1239 1240 438 36 959 526 
317 98 854 363 437 451 451 1512 1513 1514 1515 36 959 112 296 441 187 
317 590 301 1662 1041 
317 244 222 438 590 97 
317 359 
317 465 387 828 1084 
317 428 98 597 104 20 36 1067 625 173 1019 1145 2082 1317 72 1090 2083 441 2084 1192 186 187 
317 616 246 387 856 171 1459 627 70 1084 1850 1316 829 1171 834 1888 2121 308 1167 2150 2151 904 785 
317 180 1905 
317 
317 
435 832 277 1347 391 548 1703 559 
462 462 463 
462 244 463 463 
464 464 465 
464 104 455 
467 216 
466 
468 468 469 470 
468 470 471 
468 469 470 470 472 473 
469 493 496 500 501 405 253 502 291 499 503 504 505 506 507 508 509 
470 807 392 109 808 
470 791 473 473 21 294 1005 296 
474 474 475 476 477 478 479 480 481 482 385 483 
474 385 484 381 140 405 142 485 486 354 487 
474 385 488 
474 385 
474 385 
474 385 
474 385 
474 385 
474 385 
474 385 488 
475 484 484 1280 1281 1123 97 1282 
475 86 1741 302 406 485 485 1872 772 1873 1874 1875 1876 
475 486 486 1889 1890 1891 1892 1893 
475 487 487 2015 2016 2017 
476 483 
385 
490 490 491 
490 
492 492 
493 493 494 495 496 471 497 498 405 499 
493 
493 
493 471 
493 497 497 510 511 287 512 
493 202 
493 471 2087 
471 929 597 721 941 253 794 
471 501 501 
471 597 1144 1090 2090 
471 
471 
471 
471 
471 
471 
471 
497 748 992 143 753 754 510 510 419 68 359 792 756 759 760 762 1615 1611 1616 9 661 1617 1003 
497 597 116 104 36 171 302 253 111 21 400 1090 308 185 2078 
497 220 518 
513 513 409 
360 166 403 987 1956 1169 1180 1004 206 296 693 1923 2299 
213 310 515 515 388 
213 345 125 
310 517 517 997 939 715 1312 719 935 39 1313 1314 1315 1316 1317 1318 1319 1320 1321 1322 1323 309 1324 
310 1691 444 2018 518 518 2019 2020 207 664 2022 1109 512 
310 83 197 594 810 200 577 324 202 604 737 541 1381 732 335 542 1434 1584 79 135 596 691 205 558 765 2098 1948 1385 2255 2256 2257 296 2258 
310 626 387 1020 829 1069 1385 1321 
30 318 84 85 742 87 363 521 521 1049 1050 245 925 201 246 1051 247 1052 1053 814 255 
30 319 949 1143 443 743 614 522 522 1372 1373 1650 1374 37 1654 1657 1658 1376 566 1659 1377 144 1660 
30 538 574 707 523 523 1936 1937 1938 1939 1940 21 71 
30 594 1143 324 138 613 1251 36 1659 1057 524 524 347 348 680 
30 442 403 1347 1398 280 1208 856 301 5 772 177 828 555 825 54 1426 1430 829 1180 884 236 1318 2054 1701 2310 2311 297 
30 84 778 87 870 1188 450 1478 225 90 1485 54 1429 1922 1487 
527 527 
428 83 536 429 430 431 199 86 563 564 135 
428 531 83 534 536 429 430 431 225 342 566 227 54 567 
428 
428 529 83 534 536 430 216 568 569 
428 83 429 86 251 590 
428 533 533 534 536 430 199 11 216 280 307 591 
428 529 531 533 534 534 429 430 
428 536 429 430 431 214 381 592 542 593 132 219 565 
428 528 196 529 531 83 533 535 536 536 429 197 430 431 537 436 199 570 594 319 572 574 577 579 86 595 204 564 228 596 587 
428 536 429 430 431 436 199 86 249 613 251 582 614 36 615 219 410 161 
428 83 362 616 617 215 618 252 523 
428 620 
428 83 431 643 199 85 249 251 215 582 225 563 359 135 557 256 351 611 
428 199 249 613 582 727 563 389 564 252 256 351 519 352 353 1436 161 
428 535 214 771 251 542 542 593 70 120 519 586 1541 670 
428 413 544 342 
428 931 413 1623 1625 1627 1628 543 1631 1632 544 544 1633 342 1636 1637 1638 1639 546 
428 342 
428 544 342 
428 342 
428 249 582 391 461 255 352 161 1699 
428 251 
428 1741 565 
428 582 133 147 1359 
428 436 635 199 245 992 1098 249 364 216 438 603 1211 1490 169 394 205 559 1359 587 1789 1455 
428 972 658 
428 850 
428 330 36 303 21 1145 427 157 296 309 2083 352 525 
428 107 1202 20 659 887 157 2106 441 2079 2107 922 161 
428 197 436 199 540 362 644 579 332 600 601 205 1337 602 2123 1340 
428 769 443 1188 1189 1490 959 1127 1145 306 1187 1925 2126 120 519 309 623 
428 613 329 582 438 1690 461 552 439 252 255 1147 1454 298 904 
428 593 565 
428 
428 329 582 586 
528 196 197 199 570 540 769 574 86 814 443 251 595 737 541 563 563 1571 142 1572 564 135 
528 536 197 431 436 199 318 570 594 319 574 86 1194 251 332 204 604 1309 541 1472 335 563 1124 564 564 608 135 988 1728 
196 535 436 1399 550 1406 59 560 
529 329 522 615 
529 2098 1558 1324 
531 437 112 
531 
83 536 429 431 436 447 24 643 199 572 86 249 251 381 582 727 563 728 564 135 230 120 352 
83 571 571 747 748 749 750 173 
83 536 570 572 572 574 251 595 135 
83 86 437 
83 536 197 431 436 199 572 86 597 251 582 437 563 564 523 1008 120 351 587 1009 1010 1011 
83 
83 251 437 36 351 161 
83 536 431 436 249 251 135 519 
83 578 578 1012 1013 414 
83 536 431 199 251 582 135 557 
83 431 86 249 
83 1014 14 
83 197 431 537 436 447 631 448 643 198 570 540 362 594 616 319 955 574 579 86 363 613 202 654 251 332 215 737 541 599 225 335 97 339 1336 726 548 551 69 1260 1028 721 601 205 559 1337 562 1338 602 1339 1006 1340 1341 1342 1343 1344 
83 172 1840 
83 251 2265 
83 436 86 251 1500 
83 216 542 1015 158 1703 562 2285 2286 2287 
83 536 197 431 436 574 251 595 99 552 1016 1107 1542 2289 2290 1104 
83 683 1157 697 215 417 279 108 2332 2333 
83 197 
532 769 814 1225 996 324 215 1253 590 590 1255 1518 405 452 453 1519 41 1520 42 177 348 1084 291 60 61 829 886 1521 101 102 1522 888 889 890 853 1356 1523 103 1357 1524 1525 980 
533 399 2288 
535 85 592 592 1530 
535 214 542 593 593 560 
536 643 199 404 324 613 329 215 582 564 524 351 519 611 352 
536 431 572 86 597 251 563 36 135 587 
536 431 436 597 519 
197 436 115 500 574 86 814 300 1072 1073 1075 724 646 1076 595 655 1027 725 727 987 36 1083 607 1077 1081 721 712 596 1084 511 456 691 502 1085 729 815 1086 1087 1018 1088 1089 1090 
197 198 86 324 329 335 97 344 172 1258 
197 582 727 97 735 
197 431 86 135 557 351 
197 436 249 67 582 172 1825 557 1453 
197 582 252 557 351 611 1436 
430 910 955 369 437 225 603 603 1490 736 1493 1494 1495 1496 1248 552 1497 70 858 427 230 1498 819 
431 251 381 564 439 135 519 
431 436 251 381 255 611 
431 86 251 
431 86 597 251 69 610 
431 199 404 564 135 1729 
431 
431 607 1193 
431 643 540 594 202 605 737 719 335 1655 69 851 2125 2045 602 1340 
431 318 202 
537 594 324 138 613 613 1228 1251 582 541 1253 36 301 524 347 348 559 1254 
537 319 442 778 872 875 743 614 614 1645 522 1646 1647 1648 1649 1372 1105 36 1373 1650 1651 1652 1374 1653 37 1654 1655 1656 1375 217 
537 854 319 363 1238 743 1597 1646 1647 1648 1649 1372 1105 1373 1650 1374 1653 1656 1375 1657 1376 566 1377 1660 1675 1676 1677 1678 1679 68 1680 1681 
538 632 635 641 362 616 616 740 854 741 319 443 582 725 437 703 855 726 856 252 45 253 857 221 397 858 59 859 457 860 181 861 784 120 309 352 161 186 
538 137 440 
538 631 633 635 637 639 641 362 741 949 1143 696 727 1560 618 618 679 242 1803 
436 
620 620 621 539 622 623 
620 
620 622 622 623 
620 622 99 558 
98 20 625 92 
624 99 1686 726 794 627 456 844 61 1107 796 1787 
626 626 330 11 36 92 303 627 427 157 112 628 182 629 309 520 
626 1305 338 625 772 1942 712 147 179 1265 838 1492 2008 2009 2010 1368 1922 457 662 2011 1698 
626 1275 1575 1387 783 2235 2236 2013 
626 1189 418 280 1554 421 423 1125 10 1783 1485 63 1426 838 887 1171 2192 2193 207 893 796 846 2266 1911 2267 2268 2269 2123 
630 630 447 631 24 632 633 634 635 636 130 448 637 638 639 640 641 642 
630 130 33 582 678 618 679 659 680 352 681 
630 24 632 632 634 635 636 130 638 640 362 616 694 695 696 697 684 698 685 686 687 699 689 
630 618 700 221 
630 632 635 130 701 702 703 685 704 689 
630 447 24 632 634 635 635 130 448 637 638 639 640 641 362 616 705 706 696 707 698 685 686 687 642 393 552 618 366 708 689 709 710 711 712 659 660 713 714 221 70 
630 447 24 632 130 685 642 708 689 
630 635 705 618 700 
630 632 635 638 638 701 694 717 718 706 719 698 720 688 721 704 689 
630 635 722 618 700 
630 24 632 635 130 698 685 642 699 689 
630 635 130 643 723 616 724 215 725 726 618 679 221 352 353 
630 24 635 636 130 640 684 685 686 687 642 642 689 
447 641 643 643 198 361 199 318 570 84 540 362 594 85 324 215 582 727 97 728 39 221 729 730 731 611 
447 448 644 644 944 945 389 946 557 947 948 161 
447 448 64 222 645 645 954 982 983 167 984 985 
447 300 66 1072 1073 1074 1075 597 724 646 646 1076 992 1079 655 727 1082 1092 1077 
447 647 647 1155 321 1156 648 1157 1158 649 650 651 322 345 
447 647 321 649 322 345 
447 647 321 1156 648 1157 1158 649 649 650 651 322 1159 323 335 356 345 
447 647 321 649 322 356 345 
447 647 321 649 322 1121 345 
447 244 705 323 918 919 180 
447 244 705 993 139 
447 993 139 582 45 760 764 
447 300 66 1072 1073 1074 1075 597 724 646 992 1309 1310 1311 727 1077 
447 87 1095 752 1588 1589 1590 1591 1592 143 1593 1594 1595 1596 855 1597 1598 1599 1600 753 1601 1602 1603 1604 1605 
447 448 
447 981 553 134 236 188 
447 631 635 683 1478 736 556 1943 1944 
447 635 157 664 1006 
447 510 161 
447 778 814 280 850 627 1185 
447 1016 230 
447 856 660 518 1185 884 665 2209 1006 
447 664 1006 
447 442 
447 
447 448 1368 2249 
447 216 846 1339 
447 362 542 
447 
447 
447 
447 
447 
447 
447 1381 1458 1069 
631 1097 678 678 1761 
631 641 362 85 814 1188 1694 618 679 679 1184 851 256 
631 202 225 524 
631 736 1943 846 1179 
24 442 682 682 683 36 70 397 120 1134 309 446 1135 1136 1137 188 
24 682 69 659 70 1138 296 446 1135 588 186 
24 632 130 698 685 642 708 
24 632 634 635 636 130 640 697 684 685 685 686 687 642 708 689 
24 632 635 130 698 685 642 
24 632 635 130 698 685 642 172 689 
24 638 701 1032 1034 717 1035 695 1036 363 1038 1039 696 1183 697 1365 702 1366 104 278 1370 108 1379 1047 1791 
24 632 634 635 636 638 640 694 717 695 1036 65 706 1045 696 1046 116 1183 697 1365 702 104 278 1129 1371 685 687 642 1379 1047 708 1564 709 
24 249 11 282 1964 111 1174 157 860 1965 
24 597 249 36 519 161 
24 251 169 760 118 1877 1174 1759 230 2096 112 2095 1453 352 1475 1861 
24 831 514 1482 
632 638 701 694 694 718 706 698 720 704 689 
632 130 701 717 718 363 1043 702 278 1044 703 698 728 720 688 708 704 689 70 
632 635 130 706 698 688 618 708 689 
632 130 706 702 698 685 728 720 688 708 689 588 
632 635 638 640 694 1031 695 1036 65 1037 363 1038 706 1045 696 1183 697 702 104 278 1371 684 686 687 1047 1564 1565 
632 640 1573 1763 1764 699 699 1765 1767 1475 
633 637 639 1027 1654 25 700 700 1946 1947 
634 638 701 701 694 1030 1031 1032 1033 1034 717 1035 695 1036 65 718 1037 363 1038 1039 1040 688 
634 695 697 743 1043 1365 702 702 104 278 1370 108 1371 698 342 1372 1373 1374 37 1375 1376 1377 1378 720 1379 688 708 689 
634 616 695 1365 104 278 877 1198 1370 1129 108 1199 1371 1394 1561 
634 638 694 695 1045 1183 104 278 1603 
635 637 909 244 705 705 925 88 249 652 911 912 653 926 915 927 916 917 918 919 
635 638 694 717 65 706 706 1045 696 1046 116 1183 697 698 720 689 
635 362 363 727 728 523 
635 636 695 1045 696 1046 1183 697 702 104 684 685 708 708 689 
635 689 
635 810 
635 437 
635 597 627 230 
635 
635 
448 517 939 715 715 
448 769 1361 1015 816 1236 2342 
638 701 1031 1034 717 717 695 1036 718 1037 363 1042 706 688 689 70 
638 701 694 1030 1032 1034 717 695 1036 65 363 1038 1039 1045 1046 70 
638 248 387 517 1480 357 611 
638 694 695 706 1045 1046 116 1183 697 1365 702 104 278 1394 720 720 1379 1565 1790 
638 500 597 582 721 721 1880 253 287 1881 1412 1807 1882 1298 1883 1884 1885 
639 769 736 722 722 850 
641 362 830 831 832 246 814 850 838 207 851 
641 300 66 1072 1073 1074 1075 597 724 724 646 1076 992 1079 655 1077 1091 
641 362 616 87 597 942 1346 1347 1027 1096 1349 1350 726 255 835 
641 362 616 582 725 437 414 726 726 39 625 303 121 745 794 10 179 70 157 112 120 296 309 1687 186 402 
643 361 318 570 66 1072 1073 1074 1075 597 646 1076 992 655 727 727 541 707 599 97 618 
643 318 570 86 695 697 332 737 1365 1366 333 278 707 335 1230 161 
643 597 92 306 1948 157 26 
643 
643 
198 329 251 97 519 
198 172 
198 
198 319 1053 599 1440 97 1542 
361 404 603 342 722 659 1337 846 1339 1685 681 
199 251 215 582 563 728 135 519 611 
199 
318 442 
362 616 862 
362 616 249 863 864 865 215 225 618 
362 85 64 521 992 248 387 993 994 995 416 97 389 808 221 229 
362 215 702 614 522 1345 615 221 
362 413 342 1644 
362 814 726 207 
85 
571 173 
571 748 748 751 752 753 754 510 68 132 755 756 757 758 759 760 761 762 763 9 764 
571 765 
571 173 
748 247 249 751 751 1055 1056 1066 1182 
748 139 656 753 1294 1295 
748 752 656 1588 1589 1590 1591 1592 143 1593 1594 1595 1596 855 1597 1598 1599 1600 753 753 1601 1602 1603 1604 754 1610 510 1297 760 1607 1614 
748 143 753 510 68 359 760 9 
748 68 359 1611 9 
748 510 
748 760 188 
748 68 
748 510 
748 654 753 754 510 757 761 762 9 692 
748 760 764 
748 510 760 
748 9 
748 364 654 1271 761 2320 2321 2322 
749 386 925 171 850 1668 795 774 2130 2131 1703 2132 312 351 519 
766 766 767 386 768 166 31 769 770 771 772 773 287 774 775 776 
766 386 166 
766 386 166 
766 137 202 786 787 131 590 563 389 722 132 356 173 788 558 307 789 790 716 
766 770 770 866 867 
766 771 771 369 437 542 36 383 410 157 230 1193 256 120 309 298 188 
766 442 36 485 627 1877 427 1878 1064 351 296 309 525 1879 
766 386 773 773 
766 410 765 74 904 
766 442 278 280 1067 21 1180 1488 446 1826 840 1192 26 
766 107 1161 1202 121 1850 784 295 308 1109 940 73 298 159 2251 
386 393 869 21 
386 442 871 872 873 874 875 116 876 878 614 301 283 21 54 291 410 884 662 905 906 441 907 908 526 
386 955 1131 937 779 779 1730 856 
166 218 384 
166 218 
166 218 
31 51 816 956 445 628 309 
31 616 383 79 21 838 887 1021 2226 776 2227 2228 2229 
31 51 816 457 
769 786 786 142 173 4 408 788 
769 910 923 787 787 
769 1188 996 1096 786 1354 1255 142 1588 788 788 21 1748 
769 1361 101 102 1807 
769 319 1399 142 1260 1665 843 287 1180 1362 
115 803 473 804 805 806 
115 510 959 1209 792 792 
115 437 793 793 1931 
115 500 949 104 1257 1129 1434 726 625 92 1497 794 794 1968 1969 1810 1970 1971 1972 1973 1974 1975 1838 21 1402 307 182 185 1041 26 
115 20 145 21 765 309 
115 11 383 625 303 110 1019 629 309 904 
115 22 
115 
115 
115 
115 
115 
791 803 803 1736 1737 1738 1739 1740 
791 116 996 937 1554 1557 1168 1820 804 804 1951 
791 1257 805 805 
791 201 852 1059 1061 879 806 806 
472 244 925 248 136 807 807 20 225 1116 131 913 1117 914 1118 1119 1115 1120 1121 392 393 808 
472 742 925 136 807 1443 131 1489 914 1115 109 808 808 
809 809 810 811 812 813 814 815 816 255 207 817 818 819 
809 810 810 811 812 820 821 822 823 824 710 825 158 519 818 826 827 
809 810 828 54 
809 810 829 
809 
809 723 521 814 814 597 116 329 104 926 590 837 563 1067 679 173 4 359 25 920 745 10 21 1068 662 1069 440 120 309 1070 297 1071 
809 597 410 
809 442 64 66 67 68 1742 69 271 70 1174 71 783 72 1167 73 716 785 1907 
809 112 
809 810 908 819 
809 603 51 850 956 818 
810 
810 
810 
810 
810 
810 20 36 1497 23 525 
810 1497 
810 
811 424 123 920 21 455 1729 294 351 308 525 297 186 187 26 
812 104 590 169 383 959 303 110 1145 457 440 73 525 520 1192 
830 830 19 831 723 832 833 834 835 836 
830 723 832 841 842 843 844 236 845 846 693 847 848 849 
830 19 831 723 104 852 338 461 853 
830 833 833 
830 104 457 
830 725 104 92 
830 92 309 
19 814 996 1131 99 837 837 852 1526 397 
19 723 64 11 967 1742 111 627 21 293 230 112 1798 784 120 629 73 904 
19 442 51 23 
19 1562 775 1905 
831 403 86 107 1410 20 1067 4 975 230 112 120 309 
831 842 842 1834 295 
831 329 36 2082 309 790 904 
831 20 625 230 308 
831 86 309 
831 736 1193 351 669 629 352 353 681 1861 
831 
831 
831 
723 949 116 1307 339 382 1129 722 356 850 850 1983 1984 1985 1986 1987 1988 1989 1990 174 554 765 662 294 908 819 
723 249 679 611 1824 
832 201 99 837 806 397 1252 
832 590 179 112 309 
616 451 615 110 25 149 
616 656 143 753 1294 1485 
616 107 20 779 293 457 112 664 296 1167 73 525 297 904 
616 1131 857 857 283 
616 603 1921 
616 2014 1182 2138 
616 1400 690 111 1402 1485 1174 157 1407 1967 
616 442 
740 403 1952 1000 
741 863 863 1063 107 1161 1162 1163 864 
741 863 864 864 1176 865 225 21 
741 864 1176 
770 
770 
868 868 33 
777 1115 869 869 1954 1955 1956 1957 
442 88 92 14 93 526 
442 778 875 294 
442 778 875 876 1129 614 303 1130 
442 778 875 202 876 1130 
442 778 875 
442 778 871 872 873 874 875 875 1131 614 882 
442 778 872 873 876 876 
442 20 1264 1198 108 1199 703 142 21 
442 778 277 418 260 878 878 143 261 
442 201 404 806 1759 
442 222 952 404 967 972 397 
442 1348 881 881 
442 875 
442 417 418 280 406 421 423 1004 112 295 398 
442 778 282 941 293 2098 1948 112 664 181 2031 294 295 525 297 159 
442 1410 21 397 1004 293 295 307 2106 296 297 
442 1096 590 293 
442 11 280 111 556 2109 293 1383 2135 2136 2137 112 784 296 23 629 
442 590 
442 590 
442 1096 590 
442 1621 1485 397 2172 
442 411 
442 112 629 
442 92 
442 
442 
442 21 294 296 441 446 
442 
442 
442 
442 
442 
442 
442 387 67 856 843 1621 1019 372 774 1703 838 559 457 978 796 1110 1487 2350 
778 1284 21 
778 
778 
778 1380 987 850 818 2326 
909 909 244 910 705 
909 247 923 404 924 787 603 405 174 10 21 397 295 296 
244 705 323 919 
244 705 323 
244 807 393 
244 807 364 414 391 392 393 808 
244 705 
244 705 919 
244 705 
244 705 652 919 
244 705 652 911 1595 392 916 918 919 919 1897 1898 
244 814 1350 828 270 1899 1900 1901 
244 
244 225 1724 556 
910 923 923 1094 1095 1096 787 1097 367 
910 222 355 1131 924 924 1278 1279 309 
705 521 248 807 225 131 419 391 145 392 393 109 359 808 1057 765 
705 245 814 225 1211 109 1016 1499 
705 
275 
929 929 930 931 932 500 276 933 32 934 223 935 936 
929 930 930 934 937 938 
929 250 939 413 544 342 
929 932 932 223 145 938 940 
929 938 
929 930 934 934 
929 517 104 935 935 1325 1198 397 
929 936 936 1749 1750 1751 
930 1346 1264 131 145 779 804 147 149 
930 932 933 420 1838 2074 1922 2200 2201 
931 517 939 939 715 1325 1326 
932 776 
500 142 941 941 253 1919 271 1920 1921 372 884 1922 181 1923 1924 401 
276 942 942 725 
32 219 
644 996 944 944 945 
644 944 945 945 389 946 1583 
644 945 389 946 946 69 
644 
644 
64 247 216 522 618 794 850 
64 959 
64 222 954 20 975 52 976 293 980 157 979 
64 222 952 952 954 167 880 981 
64 
64 222 951 952 645 954 954 986 987 975 988 989 976 157 990 384 991 
64 246 249 404 582 437 603 779 133 252 45 147 351 1006 161 
64 67 329 68 1692 1742 69 21 71 1905 783 72 1167 73 74 819 
64 157 
200 1545 1186 2323 2324 
950 387 1163 450 1500 1381 451 132 356 358 1710 1708 1711 792 229 158 285 558 1316 1712 829 1713 1714 1180 1004 1715 1716 
222 279 97 961 967 972 406 
222 404 1255 960 961 961 963 964 965 967 968 972 981 1779 406 
222 967 406 421 
222 404 97 961 967 972 406 
222 404 417 279 961 967 972 406 421 422 
222 279 961 972 406 
222 967 972 406 421 
222 417 960 961 962 963 964 966 968 969 880 972 406 421 1780 21 838 1781 1782 
222 961 967 972 406 21 
222 11 967 
222 
222 
222 404 97 1588 960 961 963 964 965 966 967 968 880 972 972 981 406 421 1780 553 
222 1096 280 171 4 1825 230 307 296 1070 298 1826 161 
222 5 7 1324 
222 951 954 1694 841 975 975 
222 951 954 
222 1981 1486 
222 1199 2096 904 
222 951 
951 1202 590 69 1283 
952 961 972 658 
645 387 167 
645 387 167 
645 167 
645 167 1368 
954 986 986 987 
954 597 986 514 908 
954 564 
954 
954 
954 1766 2329 
742 300 66 1072 1073 1075 724 646 1076 992 992 1054 1079 259 355 655 727 510 552 1093 
742 355 1268 653 1269 139 1270 654 45 
742 994 994 1290 381 1291 1292 
742 89 995 995 1433 416 1019 1435 
403 137 381 140 216 944 590 837 405 142 132 4 25 407 788 804 174 148 
403 517 
403 246 104 68 414 23 309 
403 4 1130 
403 862 120 
403 
403 74 
403 510 68 359 1854 1683 1003 1003 1977 
403 1161 959 883 885 2129 514 384 
403 473 1922 2098 1948 2237 307 2238 2239 
955 33 582 660 1337 664 665 2209 2276 2277 
1007 1007 
574 2001 
574 
574 
574 
578 414 
578 414 
581 169 1014 1014 1707 
86 1096 1097 36 383 118 270 180 1878 586 2080 716 
86 107 277 926 36 1067 173 100 663 230 2081 309 587 186 
86 36 400 296 
86 597 
86 995 20 336 145 302 456 157 2099 256 796 296 309 904 
86 437 179 306 157 256 412 1148 309 520 1192 188 
86 38 1948 157 784 
86 1824 
86 
86 
86 
86 
87 597 1346 725 1096 1348 1349 1200 700 221 255 
87 582 14 256 
87 14 
701 718 70 
701 717 1036 65 698 
701 718 363 688 
701 1033 1033 
701 717 718 688 70 1041 
701 688 
701 1031 717 65 718 1037 698 688 689 70 
701 717 1036 698 70 
701 718 698 688 70 
701 718 688 70 
701 
1034 245 452 1662 1873 794 2091 2340 2341 
717 
695 1043 1043 1365 702 1366 333 104 278 1367 
695 104 278 1198 1044 1044 108 1199 
718 706 99 698 720 708 704 689 70 
718 706 720 708 689 
363 698 688 689 70 
363 
521 88 407 
521 1054 
521 284 
521 
521 735 118 21 230 
1050 992 1054 1054 1079 259 250 
245 247 751 
245 247 751 
925 1143 1659 242 1057 1057 1927 1928 1929 1930 524 
201 
201 806 
201 444 1758 
201 145 806 21 
201 404 1062 1062 
246 863 1063 1063 107 1161 218 1164 1165 1166 1167 
246 772 1265 
246 230 
247 751 
814 277 391 841 25 1016 456 775 
814 1621 
814 2099 520 677 
814 225 973 366 
814 
300 66 1072 1072 1073 1075 597 724 646 1076 992 1079 655 727 1077 
300 66 1072 1073 1073 1074 1075 597 724 646 1076 992 1080 1079 655 727 1077 
300 66 1073 1075 724 646 1076 655 727 1077 1081 
300 66 1072 1073 1074 1075 1075 597 724 646 1076 992 655 727 1082 1077 1081 
300 66 1072 1073 1074 1075 597 724 646 1076 1076 992 727 1077 1081 
300 66 1072 1073 1074 1075 597 724 646 1076 1123 655 1082 1077 1077 
66 424 
1072 1073 724 646 992 249 1054 1079 1079 259 
1073 249 
1074 1075 597 1076 1081 1081 
1075 646 1082 1082 1077 
597 251 
597 590 92 455 457 441 186 
597 1621 
597 
597 119 1885 
597 
597 
597 511 456 502 2130 
724 
646 1092 1092 1754 1755 
992 180 
923 
923 33 1095 1095 656 149 
923 1329 1346 1347 1027 725 1096 1096 1348 1349 1350 1353 1354 1200 36 1355 973 42 788 283 177 1015 1315 60 61 63 886 890 1356 1357 255 1358 1359 1360 
923 1240 417 1097 1097 1543 382 132 678 1241 1544 1545 178 1015 1274 397 1426 1356 1298 207 1546 1547 1548 
248 364 20 225 1101 552 1102 227 440 353 
88 
88 249 
1098 364 20 1211 393 1101 1101 1213 1214 1102 1216 1217 1218 1219 1220 
1098 364 20 1211 1101 1213 1214 1215 1222 1102 1102 1216 1217 
320 1103 1103 
320 1703 2216 587 
249 614 1345 615 1661 
249 250 219 221 
249 1452 625 1492 2141 2142 587 
249 70 309 
249 33 518 1407 776 2254 
249 1147 353 904 
249 441 
249 
249 
249 
136 807 392 393 808 869 
807 225 109 
807 
807 
807 
807 393 
807 321 651 1121 1121 1458 1579 298 1580 
449 1471 230 2292 
250 484 1123 1123 1282 79 1077 1283 1284 1285 1286 1287 1288 1289 
250 97 217 564 
250 36 1888 629 161 
250 1241 221 
250 25 558 
424 1202 397 157 296 188 
872 1198 108 1199 703 689 794 850 
872 873 999 1130 1130 1963 
875 324 924 216 1264 837 405 142 356 779 399 857 10 
1132 1132 
1133 1133 
682 394 2252 2253 
682 683 387 225 
682 
682 2343 
683 2213 
1140 1141 1142 
1139 
1139 251 
1139 
387 522 618 1057 524 
387 225 502 307 
387 1834 456 270 555 1265 558 829 
387 
387 1459 1461 559 2235 2263 1110 2264 2142 74 
387 225 1020 
387 
167 
167 12 2023 
167 
167 
167 
647 
647 321 649 322 345 
647 321 649 322 356 345 588 
647 649 322 345 
321 649 322 1200 345 
321 322 
863 1063 107 280 425 218 110 408 1004 1171 776 1167 1172 1173 
863 
863 959 1174 307 1175 
1063 107 218 
1063 107 110 
1063 
1063 1161 280 856 110 63 816 457 956 2065 
107 169 405 142 804 112 
107 11 36 302 514 2086 187 
107 2216 2022 
1161 145 21 457 157 120 629 161 186 188 
1161 
1161 
1163 1964 690 111 692 2119 816 860 
1163 
864 865 225 
33 287 1180 1181 
33 
33 681 
1177 104 959 2110 1429 2127 775 157 2128 309 514 525 790 
1177 
751 859 
706 698 720 688 708 704 689 
116 679 
116 437 662 1759 2124 2125 664 1965 
116 303 173 157 958 
116 171 2110 558 112 
443 1188 1188 355 169 679 788 558 1190 1191 1192 526 
443 330 119 558 629 
1188 404 2272 
1188 296 
1188 456 1020 829 775 2098 1948 
771 364 1729 295 846 610 2199 
1194 1194 1195 1196 1197 1198 1199 36 564 
1194 36 
1194 36 
1194 36 
1194 877 935 1198 1198 1370 1044 1129 1559 108 1199 1560 703 
1194 877 1198 1044 1129 108 703 1562 978 
322 1159 1346 1027 1096 1348 1349 1350 1440 1200 1200 1516 1517 
1201 1201 1202 1203 277 
1201 216 391 556 980 1128 776 1204 
1201 1205 
1202 
1203 2098 
277 416 417 418 280 425 420 406 421 422 423 1488 398 
277 391 255 353 
277 391 4 525 1693 
277 1688 383 1209 1209 792 
277 161 
364 20 225 926 1101 552 1102 353 
364 143 149 
364 224 20 1101 226 5 7 1102 
364 224 20 1101 226 5 6 7 1102 1850 
364 224 20 226 6 1102 1850 
364 20 1101 1102 
364 20 1101 1102 
364 1101 
364 20 1101 
364 1101 
364 
224 20 226 1102 1851 400 
224 226 
224 20 
1225 1225 104 590 
137 1226 1226 1227 
1226 
404 324 613 
404 416 417 418 280 419 421 423 174 10 398 185 
404 728 221 
404 
404 
404 
404 
404 1235 1235 
404 270 2294 352 716 
1237 1237 
450 438 615 1241 
450 
450 1097 
1238 1097 382 1126 1241 1241 1544 1908 1909 121 1910 178 
1242 1242 
1243 1243 1244 1245 1246 1247 1248 1249 
1243 
1243 
1243 
1243 
1243 603 
1243 
324 97 
324 613 36 524 
324 852 
613 1253 1253 1476 1477 1478 1479 590 
613 1841 2214 
202 20 417 279 418 590 405 425 961 301 420 406 173 25 421 422 423 788 397 307 
202 
202 143 794 10 395 805 
598 120 
329 
329 582 437 69 790 
329 294 120 
329 
329 
1131 937 1264 1264 877 1472 156 
330 104 36 627 1877 1145 427 1878 1064 351 309 1879 
330 
1267 1267 
993 139 
993 
993 139 1272 45 
139 437 392 45 764 
1270 1272 1272 1475 401 
251 219 
251 1097 1877 397 1850 293 1492 230 2095 
1275 1275 104 92 628 1276 1277 
1275 
1275 
924 
924 
484 
484 
484 1123 1282 1282 1743 79 1744 1745 90 
1123 79 1284 980 1886 1887 
1123 79 1283 1285 1287 905 
1123 1284 
1123 
1123 79 1284 
1123 
1123 
994 
994 381 421 
994 381 1293 
1292 1293 1293 
752 1588 1589 1590 1591 1592 143 1593 1594 1595 1596 855 1597 1598 1599 1600 1601 1602 1603 1604 1610 1652 
752 1295 1295 
11 5 6 7 
11 753 6 7 9 1850 1324 
11 1097 173 721 118 1850 230 1878 2183 2080 
11 
1300 1300 
1301 1301 1302 1303 1304 1305 1306 1307 
1301 1302 1302 
1301 
1301 
1301 627 74 
1301 
1301 850 
1308 1308 
655 564 
655 
655 
517 1312 1312 1398 1399 1400 1401 1402 100 1403 1404 1405 1406 186 
517 145 
517 104 219 
517 1096 20 397 
517 104 959 70 119 457 157 309 
517 104 456 59 1383 
517 1497 102 525 
517 104 92 400 
517 309 
517 520 
517 2212 
517 2213 
517 5 6 974 1297 567 
939 935 
939 1953 
1327 1327 
1328 1328 1329 
1328 1096 1330 309 
1329 280 1330 1330 21 1562 1665 158 287 
140 20 416 417 418 280 425 420 406 421 422 423 112 398 
140 405 
140 
1334 1334 1335 
1334 1566 1335 1335 2066 2067 
582 342 
582 104 736 252 557 351 1006 352 353 
582 351 
582 736 669 
582 557 611 384 
582 
582 
582 
582 
743 1647 1372 1105 1650 1374 37 1376 1675 
1346 1346 937 1347 1027 725 1096 1348 1349 1350 1200 
1346 725 1096 1348 1349 20 461 70 112 120 73 1351 525 1352 
1346 1347 1027 1096 1349 1350 1361 1200 881 282 177 292 59 1362 1363 1364 255 
1346 1347 1027 725 1096 1348 1349 1349 1350 1200 366 354 
1346 725 1096 1348 1349 1200 920 255 
1347 
1347 34 282 2361 
1096 
1096 788 
1096 1573 1355 1355 1763 1764 1765 
1096 590 1097 
1096 590 
1096 307 2106 2181 
1096 216 551 552 
1096 120 
1348 437 216 356 293 789 716 
1348 790 
1348 
1348 110 
1043 702 278 703 68 728 720 688 689 1368 1369 
1043 728 688 
1043 
1365 985 627 668 2148 
1365 
702 1198 703 688 
702 703 698 689 
702 614 522 1345 615 1661 
702 614 522 615 
702 614 522 1345 615 
702 614 615 
702 522 1345 615 1661 
702 522 615 1661 
702 
702 104 278 720 688 689 
104 1380 1380 908 
104 20 1381 1381 959 92 146 1502 519 677 
104 1382 1382 
104 92 887 1317 2146 2083 
104 397 
104 92 70 519 520 
104 92 
104 92 628 
104 73 
104 
104 92 160 186 105 
104 92 352 
104 
104 110 
278 703 720 
1395 1395 
1396 1396 
1397 1397 
1312 1398 1398 525 
1312 1406 1407 565 790 
1312 1402 860 
1312 111 178 1401 1401 
1312 1400 794 1825 1404 157 860 1407 
1312 
1312 1402 230 
1312 1407 
1312 1399 565 
1399 1402 1405 860 1109 
1408 1408 
1409 1409 
1410 1410 841 1411 885 1412 1413 
1410 1877 2095 
1410 721 307 
1410 73 
1414 1414 
1415 1415 
1416 1416 
1417 1417 
388 
388 
388 
1421 1421 
1422 1422 
1423 1423 
437 
437 
437 1097 383 173 157 256 112 308 629 525 
437 
437 
437 21 1180 306 157 2092 296 526 
437 383 173 525 186 
437 
437 
89 995 416 
89 1434 1434 34 794 519 
995 
541 602 
216 342 
216 
216 
216 1440 1440 1200 735 1457 179 
216 230 
216 
216 109 808 
216 
216 
216 
216 
216 
216 
216 1450 1450 218 25 
216 
216 220 1107 
216 601 692 
216 559 230 1784 
216 552 2346 2347 
438 
1440 
20 1121 677 
20 36 145 176 177 457 1147 309 187 
20 420 
20 1147 
20 157 
20 
20 157 
20 
20 255 
20 110 309 186 
20 
20 
20 
20 1122 
1264 564 173 284 
1473 1473 
1474 1474 
1272 699 692 
1253 
1253 
1253 36 659 118 397 309 526 188 
1253 
1480 1480 719 
279 
279 282 693 2335 2336 
418 421 398 
280 92 406 398 
280 169 855 45 121 1502 21 1825 306 1948 157 2092 860 891 22 629 526 2093 
280 977 
280 296 526 904 
1206 41 287 775 1492 1922 2098 2139 2140 
225 393 808 1492 
225 603 419 552 558 
131 
1489 627 1274 1488 1107 2139 
603 147 
603 145 
603 
603 1662 1497 147 
603 132 356 1496 1497 1497 47 794 1838 825 1839 1318 1840 1841 1684 1842 1843 1844 1845 1846 826 1847 1848 
603 2098 
926 227 
1500 1500 959 585 
1501 1501 
1381 1502 1502 1485 55 2035 2036 2037 2038 
1503 1503 
1504 1504 1505 1506 1507 1508 1509 1510 1511 
1504 
1504 
1504 
1504 
1504 
1504 180 
1504 
451 
451 
451 
451 
1200 
1200 
590 
590 5 6 7 
590 142 1748 
590 2143 
590 
590 
590 
590 
99 837 
1527 1527 1528 
1527 
1529 1529 
592 176 177 
336 309 
336 
97 1533 1533 
97 172 
97 
97 252 
97 
97 
169 
169 
542 207 2303 
735 587 
1097 
1097 1241 
1097 175 176 294 958 
1097 
1097 
1097 
382 2141 
382 
382 
382 
382 
405 804 112 307 629 1558 
405 
405 
405 142 145 804 
1554 1783 567 1842 
1198 
1198 618 
108 703 
1199 36 1330 2079 840 
260 
698 689 
698 720 
1566 1566 1335 1567 
1566 1567 1567 
1568 1568 1569 1570 
1568 
1568 
563 
563 345 125 
142 1573 1573 1762 1355 1763 1764 699 1765 1766 
142 
142 1575 1575 628 
142 
1578 
1577 
1121 298 1580 
1121 1579 
1581 1581 1582 255 
1581 
945 
170 519 
390 
390 
1587 1587 
656 143 753 972 1294 788 1606 
656 753 1294 
656 143 753 1294 1607 26 
656 753 1294 1608 
656 143 753 1294 
656 753 1294 
656 143 753 1294 
656 143 753 1294 919 1611 1612 1613 
656 143 753 1294 
656 143 753 615 359 1294 1607 
656 143 753 1294 
656 753 1294 
656 143 753 1294 1607 
656 143 753 1294 
656 143 753 1294 
656 143 753 1294 704 
656 143 753 1294 
656 
1588 
1590 1597 1600 753 157 
1591 
143 
143 753 1294 
1595 510 68 359 755 1682 1683 1833 1615 1616 9 
1595 
1595 
753 
510 68 359 1611 9 
510 1611 
510 
1618 1618 
1619 1619 1620 4 1621 1622 
1619 1620 1620 
1619 36 1085 1068 2082 891 441 904 187 
1619 
413 544 342 
413 
413 544 342 
413 
413 544 342 444 
413 544 342 
413 342 
413 342 
413 544 342 
413 544 342 
413 544 342 
413 
413 342 
413 544 342 
413 544 342 
413 544 342 
413 544 
342 
342 
342 
342 
744 1644 1644 
614 
614 615 
614 1345 615 
614 615 
614 615 
614 522 1345 615 
614 
614 1294 
614 615 1661 
614 522 700 
614 611 
614 615 
522 615 
522 
522 1057 354 524 
522 615 
1372 1105 1653 37 1376 1377 1661 1661 1731 1732 1733 1734 1735 
36 1496 452 1662 1662 1802 1041 
36 40 47 1663 1663 
36 
36 1330 790 
36 
36 188 
36 765 
36 
36 
36 
36 255 
36 
144 147 
1345 615 
615 
615 
615 
615 
615 
615 
68 359 1611 
68 359 1611 1003 
68 1497 
736 
414 1686 1686 625 
726 
391 145 1209 
391 
391 559 1700 
391 518 
391 51 956 
1208 
145 1741 1742 679 975 134 
145 
145 
145 1922 2295 
145 1818 627 2255 2312 
548 2206 
1690 1759 2024 186 
383 173 308 525 
383 
461 765 157 1965 309 586 160 1104 904 
1704 1704 
1705 1705 
1706 1706 
1014 
132 358 959 1708 1708 1709 25 1717 
132 1708 
356 959 
959 1711 1711 
959 
959 
959 
959 2129 2147 
959 2182 
1708 
1718 1718 1719 
1718 25 294 
1720 1720 1721 
1720 
392 
392 
392 922 
392 
393 
38 
564 309 
608 828 1193 2198 
779 
1661 
1661 
1661 1733 1733 1734 1735 
1661 1733 
1661 1733 1735 1735 
803 1740 
803 1740 
803 1740 
803 1740 
803 1736 1737 1738 1739 1740 1740 
1741 1741 550 1694 485 
1694 1742 1742 12 13 51 1783 816 838 956 1784 
1282 
1282 1744 1744 1745 1747 1748 
1282 1744 
79 
1744 
1744 1520 788 2309 
936 
936 
936 
1752 1752 1753 
1752 
1092 1754 1754 1871 1755 
1092 1754 
1756 1756 1757 
1756 
1060 1758 1758 2024 
879 1766 692 1185 2160 1700 
1760 1760 
678 230 
1573 
1573 1355 699 
1573 1355 699 
1573 1355 699 1768 
1573 9 1838 1948 1759 1949 991 
699 
1765 2013 
1769 1769 
1770 1770 
1772 1773 1774 1775 1776 1777 1778 
1771 
1771 
1771 
1771 
1771 
1771 
1771 
961 
967 972 421 446 
967 2291 
967 
1742 172 629 1558 
1742 230 1454 
13 
415 
625 21 
394 
552 
720 
688 
92 157 
14 
14 
301 
301 293 112 
301 112 
301 838 
301 
171 160 
171 2125 
1662 
618 
1804 1804 
69 
252 157 
252 721 230 296 789 2181 
252 
252 
302 794 
303 4 110 10 21 112 
303 1812 1812 
303 120 298 
172 
172 
172 1925 
420 
420 1698 
420 
173 804 
173 112 
173 21 
173 
282 110 421 59 851 1022 2327 
973 1402 1485 2091 601 
973 775 
1827 1827 1828 1829 
1827 149 
1827 1829 1829 
1830 1830 
1831 1831 
359 
359 45 1611 
842 1835 1145 255 
1834 51 1835 1835 26 
1836 1836 
1837 1837 
1497 1766 794 938 
1497 2108 
1497 583 
1497 1254 
1497 1558 
1497 
1497 
1497 
1497 
1497 
1497 
1849 1849 
1214 1215 5 1297 1274 397 2108 457 1298 776 2111 2112 2113 2114 
1222 1852 1851 1851 
5 6 7 1851 
5 
6 45 1003 161 
7 
25 
25 
407 
407 1861 
407 1861 
1859 1860 692 846 
219 
421 1863 1863 1867 1868 1869 1870 
1864 1864 
423 1866 
1865 1866 1866 
1863 
1863 
1863 
1863 
1754 
485 
485 1041 
485 
485 
485 
772 1265 2094 1411 1274 692 
772 1015 1265 1298 2204 
772 111 1265 
721 134 255 
721 
721 2182 384 
721 
721 
721 1087 2184 
1283 45 
1283 
1125 457 236 
486 1889 1889 1890 1892 
486 1889 
486 
486 1889 
486 
1894 1894 1895 1896 
1894 
1894 
919 
919 
920 
920 
920 
44 45 
44 
45 
51 956 180 2173 458 2174 2175 2176 2177 840 
51 74 
51 816 
1241 270 
1241 
1241 
121 629 
1912 1912 1913 
1912 
1914 1914 1915 1916 
1914 1917 
1914 10 1917 
1915 1916 1917 1917 2005 2006 2007 
1918 1918 
941 253 
941 253 21 
941 253 271 858 
941 627 444 397 1488 306 230 2149 938 1005 307 1965 2106 1697 231 161 526 26 
941 514 
941 
253 558 1816 
253 401 
1057 
1057 
1057 
1057 
793 
354 
254 
1934 1934 1935 
1934 
523 
523 
523 
523 
523 
367 
1942 1942 627 
659 397 681 
659 
93 
700 
700 
1766 1485 729 884 2008 306 2098 1021 2031 2154 1005 307 2106 2155 519 2158 1192 
1766 
52 
804 
862 
1326 1953 1953 368 
869 
869 
869 514 
869 
1958 1958 
1959 1959 1960 
1959 
1961 1961 1962 
1961 
1130 
1964 1964 690 111 1174 157 
690 1185 1703 1922 2125 
111 
111 860 
794 
794 
794 
794 
794 
794 1973 1973 
794 
794 
1976 1976 
1003 
304 
304 
1980 1980 112 
1981 1981 977 
1982 1982 
850 
850 
850 
850 230 
850 
850 
850 
850 295 296 384 
174 
1992 1992 
1993 1993 
10 
175 177 120 309 
175 176 
175 
176 
1999 1999 2000 
1999 2000 2000 
2001 2001 1008 
2002 2002 2003 2004 
2002 
2002 
1917 
1917 
1917 
627 118 306 1948 296 352 26 
627 
627 
627 
179 21 
179 628 1768 
2014 2014 859 
487 
487 
487 159 
444 518 
444 518 2020 
444 518 2019 
444 
518 1170 
1151 2330 2331 
1758 1700 2224 2225 
2025 2025 
2026 2026 157 
2027 2027 
2028 2028 
2029 2029 
2030 2030 2031 
2030 884 1948 2215 
2032 2032 
2033 2033 
2034 2034 
1502 
1502 
1502 
1502 
2039 2039 
2040 2040 
2041 2041 
2042 2042 2043 
2042 
21 
21 351 611 
21 
21 
21 
21 
21 
21 
21 441 
21 
21 525 2213 
21 
21 
2057 2057 
2058 2058 
2059 2059 
2060 2060 
149 
149 
149 
149 2065 
2064 1167 
1335 
1335 
2068 2068 
2069 2069 
2070 2070 
2071 2071 
2072 2072 
2073 2073 
2074 2074 938 
2075 2075 
2076 2076 
2077 2077 
511 
1562 292 556 211 2259 
1015 59 1298 
1016 
456 843 1621 
456 555 1383 101 
456 2319 
270 
1169 
158 499 2117 
2089 
2088 
502 2337 
1825 1041 
1485 1429 157 2171 
1485 2358 
1877 
1411 1274 692 
692 978 2195 2196 120 
100 
567 884 1488 306 1948 2154 1005 1498 2106 2155 519 2156 2100 2157 2158 2159 1205 1192 
1019 1069 
372 2098 
397 
397 
397 
397 
397 
556 885 1922 2098 1948 1358 
556 231 2307 
1839 2109 1850 2110 
2108 887 296 
2108 1180 1187 2115 2116 
1850 295 
1850 
1850 
1850 
2110 2128 
2110 
2087 
119 
119 1174 
119 
119 457 
119 
557 256 629 352 353 
1185 2125 2202 
1185 2124 1965 611 1801 
558 
1180 
1180 2115 
1004 206 1715 
765 1090 
765 
765 
293 
293 
887 
887 
887 
859 181 
1492 1488 
1488 
1107 1549 
1107 1147 
1521 
2145 
2144 
1383 2161 
1715 
1368 
1922 
457 
457 
102 
102 
2098 1948 
2098 1948 
2098 
2098 
2098 1948 
2098 
1759 
2146 
71 
71 
71 
157 
157 
157 
157 
157 
157 
2092 2252 441 2261 
891 
180 1905 
180 1905 
180 1905 
180 1905 
1905 2270 2271 
255 
255 
255 
1807 1358 
1882 1716 
1298 2273 2275 
1885 
230 
230 
230 
230 
230 
411 
2192 2193 2194 
2191 629 
2191 629 
2191 
2096 256 
2096 
207 
1729 
1193 
938 
938 
2124 
445 
1878 
112 
112 441 186 1699 
112 
112 
664 1006 
181 
181 
1322 
1323 2054 1138 
1254 
2031 
1170 1104 2217 
2216 
400 
400 185 
440 
294 
294 
211 2351 
2024 
2024 
22 784 
784 
784 
784 
120 
120 26 
120 
120 
120 
628 1147 
628 
1005 
1005 
1005 
307 2325 
307 
307 
307 
307 
307 
307 
351 
72 
668 
308 
776 
1134 2171 
1134 
1109 
519 1698 
519 
519 
519 
296 2079 2293 
296 
296 2171 2305 
23 
1147 
1147 
584 
629 
629 
629 
629 
2177 
2177 
1190 
2183 2274 
2273 
2183 
1006 
1006 
309 
309 
309 
309 
309 
309 
309 
586 
586 
586 
591 
587 
587 
1781 
1122 
2259 
1236 
1697 
184 
352 
352 
514 
384 
353 161 
353 
1541 
446 
401 2261 
160 
2107 
231 
1748 
525 
525 
298 1698 
298 
2315 
2314 
2317 2318 
2316 
2316 
2084 
764 
764 
764 
958 
958 
2240 2355 2356 
908 
1824 
74 
991 
2023 
2023 
588 
588 
159 
1482 
1482 
2090 
161 
161 
1041 
1041 
716 
1137 
186 
186 188 
1455 
1455 
2349 
2348 
904 
2223 
26 
26 
26 
2325 
2325 
188 
2093 
2360 
2359 
1352 
