996 3 0
1100 5 1
118 6 1
357 6 1
713 6 1
784 6 1
997 6 1
1183 6 1
285 7 1
1016 7 1
9 9 2
9 9 2
10 10 2
10 10 2
10 11 2
11 10 2
10 907 2
907 10 2
10 2021 2
2021 10 2
11 11 2
11 11 2
11 56 1
11 64 2
64 11 2
11 126 2
126 11 2
11 168 2
168 11 2
11 172 2
172 11 2
11 252 2
252 11 2
11 253 2
253 11 2
11 299 2
299 11 2
11 540 2
540 11 2
11 910 2
910 11 2
11 994 2
994 11 2
11 995 1
11 996 2
996 11 2
11 1259 2
1259 11 2
12 12 2
12 12 2
12 13 1
12 14 1
12 644 2
644 12 2
1527 13 1
2188 19 1
920 21 0
1249 21 0
417 23 0
2257 28 1
29 29 2
29 29 2
30 31 1
30 32 2
32 30 2
338 31 1
648 31 1
1028 31 1
33 33 2
33 33 2
33 34 2
34 33 2
33 35 2
35 33 2
33 36 2
36 33 2
33 37 2
37 33 2
33 38 2
38 33 2
33 39 0
35 38 2
38 35 2
35 122 2
122 35 2
35 126 2
126 35 2
35 133 2
133 35 2
35 163 2
163 35 2
35 165 2
165 35 2
35 228 2
228 35 2
35 277 2
277 35 2
35 425 2
425 35 2
35 432 2
432 35 2
35 445 2
445 35 2
35 1016 2
1016 35 2
35 1555 2
1555 35 2
35 1640 0
35 1767 1
35 1786 2
1786 35 2
35 1874 0
35 1875 2
1875 35 2
35 1876 1
37 60 2
60 37 2
37 116 2
116 37 2
37 172 2
172 37 2
37 249 2
249 37 2
37 490 2
490 37 2
37 549 2
549 37 2
37 864 2
864 37 2
37 946 0
37 1100 2
1100 37 2
37 1106 2
1106 37 2
37 1375 2
1375 37 2
37 1392 1
126 39 0
549 39 0
1100 39 0
1726 39 0
46 44 0
46 61 2
61 46 2
46 212 0
46 275 2
275 46 2
46 278 2
278 46 2
46 280 2
280 46 2
46 298 0
46 299 2
299 46 2
46 302 2
302 46 2
46 318 2
318 46 2
46 442 2
442 46 2
46 549 2
549 46 2
46 1021 2
1021 46 2
46 1028 2
1028 46 2
46 1208 0
46 1225 2
1225 46 2
46 1714 2
1714 46 2
46 1808 2
1808 46 2
317 49 0
1016 49 0
50 50 2
50 50 2
78 53 1
388 57 1
284 58 1
549 58 1
1004 58 1
1022 58 1
1450 58 1
117 59 1
165 59 1
168 59 1
1224 59 1
60 61 2
61 60 2
60 62 2
62 60 2
60 63 0
60 64 2
64 60 2
60 65 2
65 60 2
61 61 2
61 61 2
61 64 2
64 61 2
61 83 2
83 61 2
61 166 2
166 61 2
61 203 2
203 61 2
61 299 2
299 61 2
61 301 2
301 61 2
61 302 2
302 61 2
61 341 2
341 61 2
61 382 2
382 61 2
61 401 2
401 61 2
61 416 2
416 61 2
61 418 2
418 61 2
61 420 2
420 61 2
61 421 2
421 61 2
61 423 2
423 61 2
61 425 2
425 61 2
61 428 2
428 61 2
61 430 2
430 61 2
61 433 2
433 61 2
61 442 2
442 61 2
61 443 2
443 61 2
61 445 2
445 61 2
61 463 0
61 507 2
507 61 2
61 641 2
641 61 2
61 642 2
642 61 2
61 643 2
643 61 2
61 644 2
644 61 2
61 646 2
646 61 2
61 647 2
647 61 2
61 649 2
649 61 2
61 656 2
656 61 2
61 658 2
658 61 2
61 767 0
61 1014 2
1014 61 2
61 1019 2
1019 61 2
61 1028 2
1028 61 2
61 1129 2
1129 61 2
61 1165 2
1165 61 2
61 1413 2
1413 61 2
61 1414 2
1414 61 2
61 1427 2
1427 61 2
61 1428 2
1428 61 2
61 1808 2
1808 61 2
61 1915 2
1915 61 2
61 2073 2
2073 61 2
61 2096 2
2096 61 2
61 2257 2
2257 61 2
62 62 2
62 62 2
62 64 2
64 62 2
62 1221 2
1221 62 2
62 1948 1
850 63 0
64 115 2
115 64 2
64 116 2
116 64 2
64 163 2
163 64 2
64 164 2
164 64 2
64 170 1
64 268 1
64 388 2
388 64 2
64 390 0
64 417 2
417 64 2
64 635 2
635 64 2
64 649 2
649 64 2
64 1038 1
64 1136 1
64 1247 2
1247 64 2
64 1424 2
1424 64 2
64 1555 2
1555 64 2
65 65 2
65 65 2
65 377 2
377 65 2
65 944 1
67 67 2
67 67 2
456 68 0
102 69 0
299 69 0
530 69 0
709 69 0
827 69 0
943 70 0
399 71 0
1102 71 0
1582 71 0
1726 71 0
823 72 0
709 74 1
1247 74 1
2257 74 1
709 76 0
78 120 2
120 78 2
78 126 2
126 78 2
78 132 2
132 78 2
78 134 2
134 78 2
78 135 2
135 78 2
78 1443 1
79 79 2
79 79 2
79 80 2
80 79 2
79 81 2
81 79 2
79 82 1
79 83 2
83 79 2
79 84 2
84 79 2
80 120 2
120 80 2
80 138 2
138 80 2
80 149 1
80 537 1
80 554 2
554 80 2
80 850 2
850 80 2
80 1001 2
1001 80 2
80 1006 1
80 1866 0
80 2053 1
80 2273 1
83 147 2
147 83 2
83 156 2
156 83 2
83 306 2
306 83 2
83 406 2
406 83 2
83 611 1
83 709 2
709 83 2
83 1007 2
1007 83 2
83 1020 2
1020 83 2
83 1269 0
83 1475 1
83 1487 1
83 1647 1
83 1709 1
83 2221 2
2221 83 2
83 2222 2
2222 83 2
83 2257 2
2257 83 2
84 837 2
837 84 2
84 1948 1
88 89 2
89 88 2
88 549 2
549 88 2
93 93 2
93 93 2
93 94 2
94 93 2
93 95 2
95 93 2
93 96 2
96 93 2
93 97 2
97 93 2
93 98 2
98 93 2
93 99 2
99 93 2
93 100 2
100 93 2
93 101 2
101 93 2
93 102 2
102 93 2
93 103 2
103 93 2
94 102 2
102 94 2
94 450 2
450 94 2
94 456 2
456 94 2
94 485 0
94 664 0
94 699 0
94 1137 2
1137 94 2
94 1153 2
1153 94 2
94 1221 2
1221 94 2
94 1381 0
95 102 2
102 95 2
95 1768 2
1768 95 2
96 102 2
102 96 2
97 102 2
102 97 2
98 102 2
102 98 2
99 102 2
102 99 2
100 102 2
102 100 2
101 102 2
102 101 2
102 102 2
102 102 2
102 103 2
103 102 2
102 1325 2
1325 102 2
103 1768 2
1768 103 2
106 106 2
106 106 2
425 113 0
115 115 2
115 115 2
115 116 2
116 115 2
115 117 2
117 115 2
115 118 2
118 115 2
115 784 2
784 115 2
115 2078 0
116 116 2
116 116 2
116 117 2
117 116 2
116 170 1
116 349 2
349 116 2
116 635 2
635 116 2
116 1130 2
1130 116 2
116 1136 1
117 186 0
117 349 2
349 117 2
117 478 1
117 508 1
117 635 2
635 117 2
117 995 1
117 1388 0
117 1962 2
1962 117 2
117 2260 1
118 272 2
272 118 2
118 442 2
442 118 2
118 767 0
118 777 1
118 975 0
118 1240 2
1240 118 2
118 1412 2
1412 118 2
118 2138 1
118 2267 1
119 119 2
119 119 2
120 120 2
120 120 2
120 121 2
121 120 2
120 122 2
122 120 2
120 123 2
123 120 2
120 124 2
124 120 2
120 125 2
125 120 2
120 126 2
126 120 2
120 127 2
127 120 2
120 128 2
128 120 2
120 129 2
129 120 2
120 130 2
130 120 2
120 131 2
131 120 2
120 132 2
132 120 2
120 133 2
133 120 2
120 134 2
134 120 2
120 135 2
135 120 2
120 136 2
136 120 2
120 137 2
137 120 2
120 138 2
138 120 2
120 141 2
141 120 2
120 169 2
169 120 2
120 203 2
203 120 2
120 238 1
120 268 1
120 334 1
120 544 2
544 120 2
120 549 2
549 120 2
120 591 0
120 652 2
652 120 2
120 676 1
120 762 0
120 765 0
120 815 2
815 120 2
120 820 0
120 822 2
822 120 2
120 834 2
834 120 2
120 881 2
881 120 2
120 903 2
903 120 2
120 921 2
921 120 2
120 985 2
985 120 2
120 1016 2
1016 120 2
120 1135 0
120 1347 2
1347 120 2
120 1487 1
120 1493 1
120 1501 1
120 1557 1
120 1570 2
1570 120 2
120 1599 1
120 1638 2
1638 120 2
120 1812 2
1812 120 2
120 1813 2
1813 120 2
120 1814 2
1814 120 2
121 126 2
126 121 2
121 131 2
131 121 2
121 132 2
132 121 2
121 134 2
134 121 2
121 135 2
135 121 2
121 165 2
165 121 2
121 252 2
252 121 2
121 697 2
697 121 2
121 882 2
882 121 2
121 1249 2
1249 121 2
122 126 2
126 122 2
122 131 2
131 122 2
122 132 2
132 122 2
122 134 2
134 122 2
122 135 2
135 122 2
122 165 2
165 122 2
122 252 2
252 122 2
122 302 2
302 122 2
122 442 2
442 122 2
122 697 2
697 122 2
122 996 2
996 122 2
122 1106 2
1106 122 2
122 1249 2
1249 122 2
122 1915 2
1915 122 2
122 2017 2
2017 122 2
123 125 2
125 123 2
123 126 2
126 123 2
123 129 2
129 123 2
123 131 2
131 123 2
123 132 2
132 123 2
123 134 2
134 123 2
123 135 2
135 123 2
123 591 0
123 767 0
123 799 2
799 123 2
123 1120 0
123 1521 1
123 1532 2
1532 123 2
125 126 2
126 125 2
125 129 2
129 125 2
125 131 2
131 125 2
125 134 2
134 125 2
125 549 2
549 125 2
125 1596 1
125 2322 2
2322 125 2
126 126 2
126 126 2
126 127 2
127 126 2
126 131 2
131 126 2
126 132 2
132 126 2
126 134 2
134 126 2
126 135 2
135 126 2
126 137 2
137 126 2
126 138 2
138 126 2
126 166 2
166 126 2
126 167 2
167 126 2
126 168 2
168 126 2
126 169 2
169 126 2
126 174 0
126 241 2
241 126 2
126 242 2
242 126 2
126 243 2
243 126 2
126 244 2
244 126 2
126 245 2
245 126 2
126 246 2
246 126 2
126 247 2
247 126 2
126 248 2
248 126 2
126 249 2
249 126 2
126 250 2
250 126 2
126 251 2
251 126 2
126 252 2
252 126 2
126 253 2
253 126 2
126 302 2
302 126 2
126 442 2
442 126 2
126 492 2
492 126 2
126 537 1
126 1249 2
1249 126 2
126 1742 2
1742 126 2
126 1962 2
1962 126 2
126 1981 2
1981 126 2
126 2016 2
2016 126 2
126 2030 2
2030 126 2
126 2040 2
2040 126 2
126 2216 2
2216 126 2
126 2331 2
2331 126 2
127 132 2
132 127 2
127 252 2
252 127 2
127 442 2
442 127 2
127 627 1
128 128 2
128 128 2
128 129 2
129 128 2
128 131 2
131 128 2
128 134 2
134 128 2
128 165 2
165 128 2
128 463 0
128 549 2
549 128 2
128 588 0
128 1912 0
128 2038 2
2038 128 2
129 129 2
129 129 2
129 132 2
132 129 2
129 134 2
134 129 2
130 131 2
131 130 2
130 132 2
132 130 2
130 134 2
134 130 2
130 135 2
135 130 2
130 249 2
249 130 2
130 456 2
456 130 2
130 638 2
638 130 2
130 652 2
652 130 2
130 653 2
653 130 2
130 849 0
130 1106 2
1106 130 2
130 2017 2
2017 130 2
131 131 2
131 131 2
131 132 2
132 131 2
131 133 2
133 131 2
131 134 2
134 131 2
131 135 2
135 131 2
131 136 2
136 131 2
131 138 2
138 131 2
131 165 2
165 131 2
131 167 2
167 131 2
131 171 2
171 131 2
131 203 2
203 131 2
131 241 2
241 131 2
131 243 2
243 131 2
131 246 2
246 131 2
131 248 2
248 131 2
131 252 2
252 131 2
131 444 2
444 131 2
131 445 2
445 131 2
131 882 2
882 131 2
131 1439 0
131 1440 2
1440 131 2
131 2040 2
2040 131 2
132 132 2
132 132 2
132 134 2
134 132 2
132 135 2
135 132 2
132 136 2
136 132 2
132 167 2
167 132 2
132 252 2
252 132 2
132 442 2
442 132 2
132 443 2
443 132 2
132 537 1
133 135 2
135 133 2
133 165 2
165 133 2
133 243 2
243 133 2
133 252 2
252 133 2
133 290 2
290 133 2
133 302 2
302 133 2
133 425 2
425 133 2
133 427 2
427 133 2
133 442 2
442 133 2
133 443 2
443 133 2
133 492 2
492 133 2
133 537 1
133 546 2
546 133 2
133 697 2
697 133 2
133 882 2
882 133 2
133 1249 2
1249 133 2
133 1250 2
1250 133 2
133 1511 2
1511 133 2
133 1570 2
1570 133 2
133 1915 2
1915 133 2
133 1917 2
1917 133 2
133 1962 2
1962 133 2
133 2040 2
2040 133 2
133 2331 2
2331 133 2
134 134 2
134 134 2
134 135 2
135 134 2
134 136 2
136 134 2
134 138 2
138 134 2
134 249 2
249 134 2
134 595 0
135 136 2
136 135 2
135 138 2
138 135 2
135 167 2
167 135 2
135 169 2
169 135 2
135 243 2
243 135 2
135 246 2
246 135 2
135 248 2
248 135 2
135 250 2
250 135 2
135 252 2
252 135 2
135 442 2
442 135 2
135 443 2
443 135 2
135 444 2
444 135 2
135 445 2
445 135 2
135 459 2
459 135 2
135 460 2
460 135 2
135 492 2
492 135 2
135 880 2
880 135 2
135 882 2
882 135 2
135 883 2
883 135 2
135 884 2
884 135 2
135 1021 2
1021 135 2
135 1249 2
1249 135 2
135 1250 2
1250 135 2
135 1439 0
135 1440 2
1440 135 2
135 1441 2
1441 135 2
135 1808 2
1808 135 2
135 1915 2
1915 135 2
135 2000 2
2000 135 2
135 2010 2
2010 135 2
135 2040 2
2040 135 2
135 2073 2
2073 135 2
135 2257 2
2257 135 2
135 2278 2
2278 135 2
136 138 2
138 136 2
136 165 2
165 136 2
136 252 2
252 136 2
136 302 2
302 136 2
136 422 2
422 136 2
136 442 2
442 136 2
136 492 2
492 136 2
136 775 1
136 784 2
784 136 2
136 806 1
136 1106 2
1106 136 2
136 1582 2
1582 136 2
136 2257 2
2257 136 2
137 170 1
137 199 1
137 400 0
137 490 2
490 137 2
137 1010 1
137 1021 2
1021 137 2
137 1240 2
1240 137 2
138 147 2
147 138 2
138 165 2
165 138 2
138 166 2
166 138 2
138 167 2
167 138 2
138 243 2
243 138 2
138 246 2
246 138 2
138 252 2
252 138 2
138 290 2
290 138 2
138 299 2
299 138 2
138 301 2
301 138 2
138 302 2
302 138 2
138 442 2
442 138 2
138 460 2
460 138 2
138 492 2
492 138 2
138 882 2
882 138 2
138 985 2
985 138 2
138 996 2
996 138 2
138 1106 2
1106 138 2
138 1249 2
1249 138 2
138 1440 2
1440 138 2
138 1511 2
1511 138 2
138 1570 2
1570 138 2
138 1915 2
1915 138 2
138 1959 2
1959 138 2
138 2016 2
2016 138 2
138 2017 2
2017 138 2
138 2040 2
2040 138 2
141 139 1
430 145 1
784 145 1
147 146 1
148 146 1
156 146 1
147 149 1
147 153 1
147 154 1
147 155 1
147 156 2
156 147 2
147 162 2
162 147 2
147 167 2
167 147 2
147 212 0
147 226 2
226 147 2
147 234 2
234 147 2
147 292 2
292 147 2
147 338 2
338 147 2
147 339 2
339 147 2
147 341 2
341 147 2
147 343 2
343 147 2
147 346 2
346 147 2
147 347 2
347 147 2
147 348 2
348 147 2
147 382 2
382 147 2
147 399 2
399 147 2
147 402 0
147 437 0
147 441 0
147 474 2
474 147 2
147 492 2
492 147 2
147 721 0
147 727 0
147 895 2
895 147 2
147 1052 0
147 1055 1
147 1129 2
1129 147 2
147 1175 0
147 1255 1
147 1256 2
1256 147 2
147 1277 2
1277 147 2
147 1648 1
147 1725 2
1725 147 2
147 1808 2
1808 147 2
147 1828 2
1828 147 2
147 1829 2
1829 147 2
147 1857 2
1857 147 2
147 1935 2
1935 147 2
147 1942 2
1942 147 2
147 1957 2
1957 147 2
147 2053 1
147 2112 2
2112 147 2
147 2127 0
147 2195 2
2195 147 2
147 2196 2
2196 147 2
147 2197 2
2197 147 2
147 2198 2
2198 147 2
147 2199 2
2199 147 2
147 2200 2
2200 147 2
147 2318 1
148 155 1
148 357 2
357 148 2
148 492 2
492 148 2
148 932 2
932 148 2
148 1010 1
148 1011 1
148 1255 1
148 1458 2
1458 148 2
148 2073 2
2073 148 2
148 2192 2
2192 148 2
167 149 1
416 149 1
943 149 1
1497 149 1
1517 149 1
156 153 1
545 153 1
985 153 1
1254 153 1
1256 153 1
156 226 2
226 156 2
156 234 2
234 156 2
156 303 0
156 338 2
338 156 2
156 388 2
388 156 2
156 399 2
399 156 2
156 481 2
481 156 2
156 492 2
492 156 2
156 895 2
895 156 2
156 1651 1
156 1942 2
1942 156 2
156 2268 1
162 161 1
291 161 1
490 161 1
2073 161 1
2096 161 1
162 162 2
162 162 2
162 163 2
163 162 2
162 164 2
164 162 2
162 165 2
165 162 2
162 166 2
166 162 2
162 167 2
167 162 2
162 168 2
168 162 2
162 169 2
169 162 2
162 170 1
162 171 2
171 162 2
162 172 2
172 162 2
162 416 2
416 162 2
162 490 2
490 162 2
162 492 2
492 162 2
162 543 2
543 162 2
162 644 2
644 162 2
162 872 2
872 162 2
162 941 1
162 1392 1
162 1534 1
162 1928 2
1928 162 2
162 1929 2
1929 162 2
162 2010 2
2010 162 2
163 163 2
163 163 2
163 164 2
164 163 2
163 166 2
166 163 2
163 203 2
203 163 2
163 401 2
401 163 2
163 416 2
416 163 2
163 418 2
418 163 2
163 420 2
420 163 2
163 421 2
421 163 2
163 423 2
423 163 2
163 425 2
425 163 2
163 426 1
163 427 2
427 163 2
163 428 2
428 163 2
163 430 2
430 163 2
163 433 2
433 163 2
163 492 2
492 163 2
163 507 2
507 163 2
163 640 2
640 163 2
163 642 2
642 163 2
163 643 2
643 163 2
163 644 2
644 163 2
163 647 2
647 163 2
163 649 2
649 163 2
163 654 2
654 163 2
163 655 2
655 163 2
163 656 2
656 163 2
163 657 2
657 163 2
163 658 2
658 163 2
164 165 2
165 164 2
164 278 2
278 164 2
164 302 2
302 164 2
164 428 2
428 164 2
164 442 2
442 164 2
164 543 2
543 164 2
164 644 2
644 164 2
164 818 2
818 164 2
164 1028 2
1028 164 2
165 165 2
165 165 2
165 167 2
167 165 2
165 169 2
169 165 2
165 171 2
171 165 2
165 203 2
203 165 2
165 243 2
243 165 2
165 248 2
248 165 2
165 252 2
252 165 2
165 302 2
302 165 2
165 425 2
425 165 2
165 442 2
442 165 2
165 443 2
443 165 2
165 445 2
445 165 2
165 490 2
490 165 2
165 491 2
491 165 2
165 544 2
544 165 2
165 642 2
642 165 2
165 697 2
697 165 2
165 882 2
882 165 2
165 884 2
884 165 2
165 985 2
985 165 2
165 1249 2
1249 165 2
165 1570 2
1570 165 2
165 2073 2
2073 165 2
165 2168 2
2168 165 2
166 172 2
172 166 2
166 268 1
166 272 2
272 166 2
166 416 2
416 166 2
166 428 2
428 166 2
166 442 2
442 166 2
166 543 2
543 166 2
166 644 2
644 166 2
166 872 2
872 166 2
166 882 2
882 166 2
166 1028 2
1028 166 2
166 1053 0
166 1714 2
1714 166 2
166 1808 2
1808 166 2
166 1915 2
1915 166 2
166 2278 2
2278 166 2
166 2326 2
2326 166 2
167 241 2
241 167 2
167 252 2
252 167 2
167 302 2
302 167 2
167 442 2
442 167 2
167 456 2
456 167 2
167 492 2
492 167 2
167 543 2
543 167 2
167 697 2
697 167 2
167 872 2
872 167 2
167 882 2
882 167 2
167 1249 2
1249 167 2
167 1726 2
1726 167 2
167 1896 1
167 2073 2
2073 167 2
168 172 2
172 168 2
168 253 2
253 168 2
168 272 2
272 168 2
168 299 2
299 168 2
168 540 2
540 168 2
168 849 0
168 995 1
168 996 2
996 168 2
168 1259 2
1259 168 2
168 1336 1
168 1582 2
1582 168 2
168 2267 1
169 172 2
172 169 2
169 302 2
302 169 2
169 442 2
442 169 2
169 490 2
490 169 2
169 492 2
492 169 2
169 591 0
169 697 2
697 169 2
169 1053 0
169 1249 2
1249 169 2
169 1570 2
1570 169 2
169 1808 2
1808 169 2
169 1915 2
1915 169 2
169 2010 2
2010 169 2
237 170 1
302 170 1
428 170 1
492 170 1
545 170 1
1570 170 1
1808 170 1
2073 170 1
2096 170 1
2112 170 1
171 399 2
399 171 2
171 416 2
416 171 2
171 422 2
422 171 2
171 428 2
428 171 2
171 490 2
490 171 2
171 492 2
492 171 2
171 882 2
882 171 2
171 1412 2
1412 171 2
171 1915 2
1915 171 2
171 1962 2
1962 171 2
171 2010 2
2010 171 2
171 2073 2
2073 171 2
172 172 2
172 172 2
172 237 2
237 172 2
172 272 2
272 172 2
172 638 2
638 172 2
172 996 2
996 172 2
172 1011 1
172 1106 2
1106 172 2
172 1430 2
1430 172 2
172 1443 1
172 2073 2
2073 172 2
172 2096 2
2096 172 2
361 176 0
376 179 0
885 181 0
252 184 1
285 184 1
428 184 1
1016 184 1
425 185 0
697 185 0
709 185 0
850 185 0
2238 185 0
252 186 0
290 186 0
1422 187 0
1535 189 0
1714 189 0
1962 190 0
827 195 1
1919 196 1
278 197 1
633 198 1
647 198 1
837 198 1
203 199 1
492 199 1
1021 199 1
2073 199 1
2257 199 1
1100 201 1
302 202 0
490 202 0
203 416 2
416 203 2
203 428 2
428 203 2
203 490 2
490 203 2
203 492 2
492 203 2
203 549 2
549 203 2
203 644 2
644 203 2
203 657 2
657 203 2
203 767 0
203 775 1
203 777 1
203 806 1
203 882 2
882 203 2
203 1100 2
1100 203 2
203 1129 2
1129 203 2
203 2238 2
2238 203 2
207 207 2
207 207 2
207 357 2
357 207 2
307 209 1
907 209 1
910 209 1
930 209 1
1857 209 1
2326 209 1
1004 210 1
1582 210 1
301 212 0
302 212 0
1020 212 0
1714 212 0
280 213 0
399 213 0
299 214 0
302 214 0
318 219 0
480 219 0
290 221 0
226 226 2
226 226 2
226 616 2
616 226 2
226 708 2
708 226 2
226 709 2
709 226 2
226 710 2
710 226 2
226 1570 2
1570 226 2
226 1571 2
1571 226 2
226 1572 2
1572 226 2
226 2257 2
2257 226 2
228 227 1
234 227 1
237 227 1
239 227 1
549 227 1
228 1962 2
1962 228 2
228 2173 1
280 229 1
549 229 1
234 231 0
1020 231 0
1663 232 0
338 233 0
234 234 2
234 234 2
234 236 0
234 335 2
335 234 2
234 337 2
337 234 2
234 338 2
338 234 2
234 1168 2
1168 234 2
234 1169 2
1169 234 2
237 272 2
272 237 2
237 294 2
294 237 2
237 298 0
237 334 1
237 435 0
237 454 2
454 237 2
237 541 1
237 583 0
237 644 2
644 237 2
237 709 2
709 237 2
237 1058 0
237 1392 1
237 1449 1
239 278 2
278 239 2
239 302 2
302 239 2
239 399 2
399 239 2
239 492 2
492 239 2
239 537 1
239 595 0
239 885 2
885 239 2
239 920 2
920 239 2
239 1021 2
1021 239 2
239 1181 0
239 1376 0
239 1915 2
1915 239 2
239 2006 2
2006 239 2
239 2257 2
2257 239 2
240 240 2
240 240 2
241 241 2
241 241 2
241 243 2
243 241 2
241 442 2
442 241 2
241 444 2
444 241 2
241 1249 2
1249 241 2
242 252 2
252 242 2
242 537 1
243 252 2
252 243 2
243 290 2
290 243 2
243 442 2
442 243 2
243 492 2
492 243 2
243 537 1
243 697 2
697 243 2
243 882 2
882 243 2
243 1240 2
1240 243 2
243 1363 2
1363 243 2
243 1896 1
243 1915 2
1915 243 2
243 2040 2
2040 243 2
243 2104 2
2104 243 2
243 2105 2
2105 243 2
243 2106 2
2106 243 2
245 442 2
442 245 2
245 537 1
245 784 2
784 245 2
245 1915 2
1915 245 2
245 2257 2
2257 245 2
246 302 2
302 246 2
246 442 2
442 246 2
246 1249 2
1249 246 2
246 1962 2
1962 246 2
247 247 2
247 247 2
247 547 2
547 247 2
247 548 2
548 247 2
247 823 2
823 247 2
248 442 2
442 248 2
248 492 2
492 248 2
248 1249 2
1249 248 2
248 1570 2
1570 248 2
249 249 2
249 249 2
249 652 2
652 249 2
249 653 2
653 249 2
249 996 2
996 249 2
249 1106 2
1106 249 2
250 252 2
252 250 2
250 302 2
302 250 2
251 846 2
846 251 2
251 996 2
996 251 2
252 252 2
252 252 2
252 268 1
252 290 2
290 252 2
252 302 2
302 252 2
252 427 2
427 252 2
252 442 2
442 252 2
252 443 2
443 252 2
252 444 2
444 252 2
252 445 2
445 252 2
252 492 2
492 252 2
252 697 2
697 252 2
252 872 2
872 252 2
252 880 2
880 252 2
252 882 2
882 252 2
252 883 2
883 252 2
252 1045 1
252 1137 2
1137 252 2
252 1249 2
1249 252 2
252 1250 2
1250 252 2
252 1480 1
252 1484 2
1484 252 2
252 1495 2
1495 252 2
252 1538 2
1538 252 2
252 1545 1
252 1593 1
252 1690 1
252 1739 1
252 1793 2
1793 252 2
252 1794 2
1794 252 2
252 1795 1
252 1796 2
1796 252 2
252 1797 2
1797 252 2
252 1798 2
1798 252 2
252 1915 2
1915 252 2
252 2016 2
2016 252 2
252 2257 2
2257 252 2
253 253 2
253 253 2
253 272 2
272 253 2
253 299 2
299 253 2
253 497 1
253 498 1
253 540 2
540 253 2
253 721 0
253 910 2
910 253 2
253 995 1
253 1099 2
1099 253 2
253 1100 2
1100 253 2
253 1101 2
1101 253 2
253 1259 2
1259 253 2
253 2267 1
2261 260 1
872 263 1
277 265 1
272 268 1
492 268 1
545 268 1
644 268 1
272 272 2
272 272 2
272 273 2
273 272 2
272 274 2
274 272 2
272 275 2
275 272 2
272 276 0
272 277 2
277 272 2
272 278 2
278 272 2
272 279 2
279 272 2
272 280 2
280 272 2
272 281 2
281 272 2
272 282 2
282 272 2
272 283 1
272 1714 2
1714 272 2
273 299 2
299 273 2
273 1102 2
1102 273 2
274 315 2
315 274 2
275 275 2
275 275 2
275 280 2
280 275 2
275 299 2
299 275 2
275 301 2
301 275 2
275 302 2
302 275 2
275 362 2
362 275 2
275 363 2
363 275 2
275 530 2
530 275 2
275 554 2
554 275 2
275 596 0
275 985 2
985 275 2
275 1224 2
1224 275 2
275 2261 2
2261 275 2
827 276 0
277 277 2
277 277 2
277 399 2
399 277 2
277 633 2
633 277 2
277 924 2
924 277 2
277 925 0
277 926 2
926 277 2
277 927 0
277 928 0
277 929 2
929 277 2
277 930 2
930 277 2
277 1422 2
1422 277 2
277 1446 2
1446 277 2
278 278 2
278 278 2
278 301 2
301 278 2
278 351 0
278 824 1
278 1647 1
278 1816 1
278 2131 2
2131 278 2
279 1444 1
280 280 2
280 280 2
280 299 2
299 280 2
280 301 2
301 280 2
280 302 2
302 280 2
280 361 2
361 280 2
280 362 2
362 280 2
280 363 2
363 280 2
280 364 2
364 280 2
280 850 2
850 280 2
282 657 2
657 282 2
282 1393 1
282 1443 1
282 1726 2
1726 282 2
290 283 1
428 283 1
697 283 1
829 283 1
1100 283 1
284 284 2
284 284 2
284 285 2
285 284 2
284 286 2
286 284 2
284 287 2
287 284 2
284 288 2
288 284 2
284 289 2
289 284 2
284 290 2
290 284 2
284 291 2
291 284 2
284 292 2
292 284 2
284 293 2
293 284 2
284 294 2
294 284 2
284 474 2
474 284 2
284 919 2
919 284 2
285 285 2
285 285 2
285 286 2
286 285 2
285 287 2
287 285 2
285 288 2
288 285 2
285 289 2
289 285 2
285 291 2
291 285 2
285 292 2
292 285 2
285 293 2
293 285 2
285 294 2
294 285 2
285 320 2
320 285 2
285 474 2
474 285 2
285 543 2
543 285 2
285 919 2
919 285 2
285 1187 1
285 1587 1
286 286 2
286 286 2
286 287 2
287 286 2
286 289 2
289 286 2
286 290 2
290 286 2
286 291 2
291 286 2
286 292 2
292 286 2
286 293 2
293 286 2
286 294 2
294 286 2
286 316 2
316 286 2
286 474 2
474 286 2
286 543 2
543 286 2
286 919 2
919 286 2
287 287 2
287 287 2
287 288 2
288 287 2
287 289 2
289 287 2
287 290 2
290 287 2
287 291 2
291 287 2
287 292 2
292 287 2
287 293 2
293 287 2
287 294 2
294 287 2
287 295 2
295 287 2
287 316 2
316 287 2
287 474 2
474 287 2
287 543 2
543 287 2
287 919 2
919 287 2
288 289 2
289 288 2
288 291 2
291 288 2
288 292 2
292 288 2
288 293 2
293 288 2
288 474 2
474 288 2
288 543 2
543 288 2
288 919 2
919 288 2
288 1003 2
1003 288 2
289 289 2
289 289 2
289 290 2
290 289 2
289 291 2
291 289 2
289 292 2
292 289 2
289 293 2
293 289 2
289 294 2
294 289 2
289 474 2
474 289 2
289 543 2
543 289 2
289 917 2
917 289 2
289 919 2
919 289 2
289 1003 2
1003 289 2
290 291 2
291 290 2
290 292 2
292 290 2
290 293 2
293 290 2
290 444 2
444 290 2
290 474 2
474 290 2
290 497 1
290 498 1
290 543 2
543 290 2
290 686 0
290 784 2
784 290 2
290 879 2
879 290 2
290 883 2
883 290 2
290 919 2
919 290 2
290 1003 2
1003 290 2
290 1144 0
290 1254 2
1254 290 2
290 1440 2
1440 290 2
290 1477 1
290 1478 1
290 1487 1
290 1497 2
1497 290 2
290 1506 0
290 1533 2
1533 290 2
290 1534 1
290 1535 2
1535 290 2
290 1536 2
1536 290 2
290 1537 0
290 1538 2
1538 290 2
290 1539 2
1539 290 2
290 1540 2
1540 290 2
290 1931 0
291 291 2
291 291 2
291 292 2
292 291 2
291 293 2
293 291 2
291 294 2
294 291 2
291 316 2
316 291 2
291 474 2
474 291 2
291 919 2
919 291 2
291 1436 2
1436 291 2
292 292 2
292 292 2
292 293 2
293 292 2
292 294 2
294 292 2
292 316 2
316 292 2
292 474 2
474 292 2
292 543 2
543 292 2
292 917 2
917 292 2
292 918 2
918 292 2
292 919 2
919 292 2
293 293 2
293 293 2
293 294 2
294 293 2
293 543 2
543 293 2
293 919 2
919 293 2
293 1003 2
1003 293 2
294 294 2
294 294 2
294 315 2
315 294 2
294 316 2
316 294 2
294 317 2
317 294 2
294 375 0
294 474 2
474 294 2
294 543 2
543 294 2
294 748 0
294 985 2
985 294 2
294 1065 2
1065 294 2
295 302 2
302 295 2
1247 296 0
299 298 0
301 298 0
302 298 0
299 299 2
299 299 2
299 301 2
301 299 2
299 302 2
302 299 2
299 305 2
305 299 2
299 306 2
306 299 2
299 307 2
307 299 2
299 308 2
308 299 2
299 663 1
299 1028 2
1028 299 2
299 1714 2
1714 299 2
985 300 0
2096 300 0
301 302 2
302 301 2
301 318 2
318 301 2
301 784 2
784 301 2
301 1021 2
1021 301 2
301 1028 2
1028 301 2
301 1181 0
301 1225 2
1225 301 2
301 1402 2
1402 301 2
301 1714 2
1714 301 2
301 1808 2
1808 301 2
301 2223 2
2223 301 2
302 308 2
308 302 2
302 316 2
316 302 2
302 318 2
318 302 2
302 361 2
361 302 2
302 425 2
425 302 2
302 442 2
442 302 2
302 544 2
544 302 2
302 549 2
549 302 2
302 591 0
302 649 2
649 302 2
302 783 1
302 834 2
834 302 2
302 985 2
985 302 2
302 1016 2
1016 302 2
302 1021 2
1021 302 2
302 1028 2
1028 302 2
302 1109 2
1109 302 2
302 1136 1
302 1208 0
302 1224 2
1224 302 2
302 1225 2
1225 302 2
302 1249 2
1249 302 2
302 1309 1
302 1497 2
1497 302 2
302 1511 2
1511 302 2
302 1555 2
1555 302 2
302 1630 2
1630 302 2
302 1714 2
1714 302 2
302 1770 1
302 1775 1
302 1805 1
302 1808 2
1808 302 2
302 1960 2
1960 302 2
302 1976 1
302 2053 1
302 2055 2
2055 302 2
302 2107 2
2107 302 2
302 2108 2
2108 302 2
302 2109 2
2109 302 2
306 2048 2
2048 306 2
307 995 1
307 996 2
996 307 2
307 1259 2
1259 307 2
307 2267 1
315 315 2
315 315 2
315 316 2
316 315 2
315 317 2
317 315 2
315 318 2
318 315 2
316 316 2
316 316 2
316 317 2
317 316 2
318 318 2
318 318 2
318 453 2
453 318 2
318 865 2
865 318 2
318 1109 2
1109 318 2
318 1151 2
1151 318 2
318 1152 1
318 1264 2
1264 318 2
320 319 1
425 323 1
429 325 1
326 326 2
326 326 2
327 327 2
327 327 2
784 328 1
1016 329 1
2216 329 1
330 331 2
331 330 2
330 332 2
332 330 2
330 333 2
333 330 2
332 442 2
442 332 2
335 334 1
337 334 1
338 334 1
335 338 2
338 335 2
1412 336 1
337 338 2
338 337 2
338 338 2
338 338 2
338 507 2
507 338 2
338 590 2
590 338 2
338 1168 2
1168 338 2
338 1169 2
1169 338 2
338 1394 2
1394 338 2
338 1704 2
1704 338 2
338 1705 2
1705 338 2
338 1706 2
1706 338 2
339 339 2
339 339 2
339 340 2
340 339 2
339 341 2
341 339 2
339 342 2
342 339 2
339 343 2
343 339 2
339 344 2
344 339 2
339 345 2
345 339 2
339 346 2
346 339 2
339 347 2
347 339 2
339 348 2
348 339 2
339 382 2
382 339 2
339 1129 2
1129 339 2
341 341 2
341 341 2
341 342 2
342 341 2
341 343 2
343 341 2
341 344 2
344 341 2
341 346 2
346 341 2
341 347 2
347 341 2
341 348 2
348 341 2
341 382 2
382 341 2
341 383 2
383 341 2
341 384 2
384 341 2
341 703 0
341 1129 2
1129 341 2
342 346 2
346 342 2
342 382 2
382 342 2
342 1129 2
1129 342 2
343 346 2
346 343 2
343 382 2
382 343 2
343 1129 2
1129 343 2
344 346 2
346 344 2
344 382 2
382 344 2
344 850 2
850 344 2
344 1129 2
1129 344 2
344 2216 2
2216 344 2
345 346 2
346 345 2
345 382 2
382 345 2
345 1129 2
1129 345 2
346 346 2
346 346 2
346 347 2
347 346 2
346 348 2
348 346 2
346 382 2
382 346 2
346 383 2
383 346 2
346 401 2
401 346 2
346 642 2
642 346 2
346 850 2
850 346 2
346 1129 2
1129 346 2
347 382 2
382 347 2
347 850 2
850 347 2
347 1129 2
1129 347 2
348 382 2
382 348 2
348 703 0
348 1129 2
1129 348 2
349 349 2
349 349 2
349 530 2
530 349 2
1484 352 0
1582 352 0
357 357 2
357 357 2
357 358 2
358 357 2
357 359 0
357 360 2
360 357 2
357 425 2
425 357 2
357 549 2
549 357 2
357 1960 2
1960 357 2
357 2006 2
2006 357 2
357 2007 2
2007 357 2
358 1520 0
358 1605 1
358 2352 2
2352 358 2
361 361 2
361 361 2
361 362 2
362 361 2
361 363 2
363 361 2
361 364 2
364 361 2
361 1626 2
1626 361 2
643 369 1
648 369 1
872 371 1
2216 371 1
697 372 1
648 373 1
1994 373 1
430 374 1
1016 375 0
376 376 2
376 376 2
376 377 2
377 376 2
376 537 1
376 652 2
652 376 2
376 784 2
784 376 2
376 836 1
376 1582 2
1582 376 2
376 1680 1
376 1726 2
1726 376 2
376 1772 2
1772 376 2
376 1808 2
1808 376 2
376 1896 1
376 2022 1
376 2143 0
376 2334 1
377 595 0
378 378 2
378 378 2
378 379 2
379 378 2
378 380 2
380 378 2
378 381 2
381 378 2
378 671 1
378 677 1
378 784 2
784 378 2
378 882 2
882 378 2
379 784 2
784 379 2
380 784 2
784 380 2
381 784 2
784 381 2
382 382 2
382 382 2
382 383 2
383 382 2
382 384 2
384 382 2
382 617 2
617 382 2
382 850 2
850 382 2
382 1129 2
1129 382 2
383 617 2
617 383 2
383 1129 2
1129 383 2
385 385 2
385 385 2
385 386 2
386 385 2
385 387 2
387 385 2
385 388 2
388 385 2
386 549 2
549 386 2
386 827 2
827 386 2
386 1557 1
386 1663 2
1663 386 2
386 1695 1
386 1950 0
386 2351 2
2351 386 2
387 2215 2
2215 387 2
388 388 2
388 388 2
388 589 0
388 684 0
388 823 2
823 388 2
388 827 2
827 388 2
388 828 2
828 388 2
388 829 2
829 388 2
388 830 2
830 388 2
388 837 2
837 388 2
388 874 0
388 1041 0
388 1066 0
388 1484 2
1484 388 2
388 1520 0
388 2157 2
2157 388 2
985 390 0
1772 390 0
399 396 0
456 398 0
549 398 0
616 398 0
1100 398 0
1102 398 0
399 399 2
399 399 2
399 424 2
424 399 2
399 537 1
399 549 2
549 399 2
399 587 0
399 588 0
399 818 2
818 399 2
399 873 2
873 399 2
399 884 2
884 399 2
399 930 2
930 399 2
399 960 0
399 962 0
399 963 0
399 970 0
399 972 0
399 997 2
997 399 2
399 998 2
998 399 2
399 999 2
999 399 2
399 1000 2
1000 399 2
399 1001 2
1001 399 2
399 1002 2
1002 399 2
399 1385 2
1385 399 2
399 1446 2
1446 399 2
399 1994 2
1994 399 2
399 2058 2
2058 399 2
401 401 2
401 401 2
401 402 0
401 403 0
401 404 0
401 416 2
416 401 2
401 644 2
644 401 2
401 767 0
401 1129 2
1129 401 2
405 405 2
405 405 2
406 406 2
406 406 2
406 407 2
407 406 2
406 408 2
408 406 2
406 409 2
409 406 2
406 554 2
554 406 2
406 784 2
784 406 2
406 854 1
406 2267 1
407 554 2
554 407 2
407 806 1
407 1188 1
409 661 1
410 410 2
410 410 2
416 416 2
416 416 2
416 417 2
417 416 2
416 418 2
418 416 2
416 419 2
419 416 2
416 420 2
420 416 2
416 421 2
421 416 2
416 422 2
422 416 2
416 423 2
423 416 2
416 424 2
424 416 2
416 425 2
425 416 2
416 426 1
416 427 2
427 416 2
416 428 2
428 416 2
416 429 2
429 416 2
416 430 2
430 416 2
416 431 2
431 416 2
416 432 2
432 416 2
416 433 2
433 416 2
416 627 1
416 644 2
644 416 2
416 784 2
784 416 2
416 995 1
416 1004 2
1004 416 2
416 1412 2
1412 416 2
416 1962 2
1962 416 2
416 2330 2
2330 416 2
417 417 2
417 417 2
417 422 2
422 417 2
417 554 2
554 417 2
417 1412 2
1412 417 2
418 644 2
644 418 2
418 1880 1
419 644 2
644 419 2
420 644 2
644 420 2
421 428 2
428 421 2
421 644 2
644 421 2
421 996 2
996 421 2
421 1028 2
1028 421 2
422 422 2
422 422 2
422 424 2
424 422 2
422 431 2
431 422 2
422 492 2
492 422 2
422 544 2
544 422 2
422 575 1
422 784 2
784 422 2
422 1004 2
1004 422 2
422 1412 2
1412 422 2
422 1413 2
1413 422 2
422 1414 2
1414 422 2
422 1638 2
1638 422 2
422 1838 2
1838 422 2
423 644 2
644 423 2
425 425 2
425 425 2
425 426 1
425 428 2
428 425 2
425 492 2
492 425 2
425 549 2
549 425 2
425 628 0
425 644 2
644 425 2
425 649 2
649 425 2
425 650 2
650 425 2
425 651 0
425 1028 2
1028 425 2
425 1458 2
1458 425 2
425 1915 2
1915 425 2
425 1962 2
1962 425 2
425 2010 2
2010 425 2
425 2073 2
2073 425 2
425 2257 2
2257 425 2
425 2278 2
2278 425 2
644 426 1
1511 426 1
427 428 2
428 427 2
427 642 2
642 427 2
427 644 2
644 427 2
427 1019 2
1019 427 2
427 1028 2
1028 427 2
427 1930 2
1930 427 2
428 428 2
428 428 2
428 433 2
433 428 2
428 445 2
445 428 2
428 507 2
507 428 2
428 640 2
640 428 2
428 641 2
641 428 2
428 642 2
642 428 2
428 643 2
643 428 2
428 644 2
644 428 2
428 645 2
645 428 2
428 646 2
646 428 2
428 647 2
647 428 2
428 648 2
648 428 2
428 799 2
799 428 2
428 1017 2
1017 428 2
428 1187 1
428 1489 1
428 1520 0
428 1638 2
1638 428 2
428 1678 1
428 1808 2
1808 428 2
428 1814 2
1814 428 2
428 1871 1
428 2050 2
2050 428 2
428 2051 2
2051 428 2
429 447 0
429 549 2
549 429 2
429 569 1
429 632 0
429 664 0
429 699 0
429 850 2
850 429 2
429 885 2
885 429 2
429 943 2
943 429 2
429 1323 1
429 1350 0
430 644 2
644 430 2
430 1493 1
430 1502 1
430 2099 2
2099 430 2
431 784 2
784 431 2
431 1412 2
1412 431 2
433 644 2
644 433 2
434 434 2
434 434 2
492 441 0
442 442 2
442 442 2
442 443 2
443 442 2
442 444 2
444 442 2
442 445 2
445 442 2
442 459 2
459 442 2
442 460 2
460 442 2
442 490 2
490 442 2
442 491 2
491 442 2
442 492 2
492 442 2
442 640 2
640 442 2
442 652 2
652 442 2
442 697 2
697 442 2
442 879 2
879 442 2
442 880 2
880 442 2
442 881 2
881 442 2
442 882 2
882 442 2
442 883 2
883 442 2
442 1108 2
1108 442 2
442 1249 2
1249 442 2
442 1516 1
442 1517 2
1517 442 2
442 1981 2
1981 442 2
442 2016 2
2016 442 2
442 2040 2
2040 442 2
442 2257 2
2257 442 2
443 492 2
492 443 2
443 872 2
872 443 2
443 882 2
882 443 2
443 1102 2
1102 443 2
443 1249 2
1249 443 2
443 1570 2
1570 443 2
443 2073 2
2073 443 2
444 697 2
697 444 2
444 784 2
784 444 2
444 1249 2
1249 444 2
444 2040 2
2040 444 2
445 882 2
882 445 2
445 1016 2
1016 445 2
450 450 2
450 450 2
450 451 2
451 450 2
450 452 2
452 450 2
450 453 2
453 450 2
450 644 2
644 450 2
450 905 2
905 450 2
453 453 2
453 453 2
453 905 2
905 453 2
453 907 2
907 453 2
453 919 2
919 453 2
453 1146 2
1146 453 2
453 1147 2
1147 453 2
453 1148 2
1148 453 2
453 1149 2
1149 453 2
453 1150 2
1150 453 2
453 2313 2
2313 453 2
453 2314 2
2314 453 2
454 454 2
454 454 2
454 455 2
455 454 2
454 456 2
456 454 2
454 457 2
457 454 2
454 458 2
458 454 2
456 456 2
456 456 2
456 457 2
457 456 2
456 458 2
458 456 2
456 459 2
459 456 2
456 460 2
460 456 2
457 1114 0
458 526 2
526 458 2
459 882 2
882 459 2
459 1001 2
1001 459 2
459 1249 2
1249 459 2
459 1962 2
1962 459 2
460 1714 2
1714 460 2
460 2010 2
2010 460 2
473 473 2
473 473 2
474 475 2
475 474 2
474 476 2
476 474 2
474 477 2
477 474 2
474 543 2
543 474 2
474 919 2
919 474 2
475 882 2
882 475 2
480 478 1
481 478 1
516 478 1
480 480 2
480 480 2
480 481 2
481 480 2
480 660 2
660 480 2
480 1288 2
1288 480 2
481 481 2
481 481 2
482 482 2
482 482 2
490 491 2
491 490 2
490 492 2
492 490 2
490 493 1
490 627 1
490 2216 2
2216 490 2
491 492 2
492 491 2
491 697 2
697 491 2
491 872 2
872 491 2
491 1249 2
1249 491 2
491 1962 2
1962 491 2
491 2010 2
2010 491 2
492 544 2
544 492 2
492 546 2
546 492 2
492 591 0
492 642 2
642 492 2
492 644 2
644 492 2
492 649 2
649 492 2
492 821 2
821 492 2
492 826 1
492 834 2
834 492 2
492 921 2
921 492 2
492 1016 2
1016 492 2
492 1017 2
1017 492 2
492 1099 2
1099 492 2
492 1144 0
492 1511 2
1511 492 2
492 1555 2
1555 492 2
492 1638 2
1638 492 2
492 1785 2
1785 492 2
492 1814 2
1814 492 2
492 1916 2
1916 492 2
492 1917 2
1917 492 2
492 1958 2
1958 492 2
492 2006 2
2006 492 2
492 2011 2
2011 492 2
492 2227 2
2227 492 2
492 2228 2
2228 492 2
492 2229 2
2229 492 2
492 2230 2
2230 492 2
617 494 1
885 495 0
837 496 1
2353 496 1
617 497 1
1714 497 1
1714 498 1
617 499 1
784 499 1
1714 499 1
1970 499 1
617 500 1
1670 500 1
1714 500 1
617 501 1
1221 501 1
617 502 1
1714 502 1
507 503 1
872 504 1
1645 504 1
872 506 1
507 644 2
644 507 2
507 872 2
872 507 2
507 1028 2
1028 507 2
1785 508 1
1786 508 1
872 509 1
513 513 2
513 513 2
514 514 2
514 514 2
515 515 2
515 515 2
516 516 2
516 516 2
516 517 1
516 518 2
518 516 2
516 519 2
519 516 2
516 1373 1
516 1508 2
1508 516 2
516 1527 2
1527 516 2
516 1528 2
1528 516 2
516 1529 2
1529 516 2
516 1530 2
1530 516 2
516 1531 2
1531 516 2
516 2273 1
518 1531 2
1531 518 2
518 1920 2
1920 518 2
518 2017 2
2017 518 2
518 2238 2
2238 518 2
519 1508 2
1508 519 2
519 1685 1
521 521 2
521 521 2
522 522 2
522 522 2
525 525 2
525 525 2
526 526 2
526 526 2
528 528 2
528 528 2
529 529 2
529 529 2
530 530 2
530 530 2
530 531 2
531 530 2
530 532 2
532 530 2
530 533 2
533 530 2
534 534 2
534 534 2
536 536 2
536 536 2
1017 537 1
540 540 2
540 540 2
540 541 1
540 542 0
540 549 2
549 540 2
540 583 0
540 712 2
712 540 2
540 1915 2
1915 540 2
543 543 2
543 543 2
543 544 2
544 543 2
543 545 2
545 543 2
543 546 2
546 543 2
543 644 2
644 543 2
543 1010 1
544 697 2
697 544 2
544 709 2
709 544 2
544 882 2
882 544 2
544 1021 2
1021 544 2
544 1808 2
1808 544 2
544 1915 2
1915 544 2
544 1962 2
1962 544 2
544 2073 2
2073 544 2
544 2096 2
2096 544 2
544 2247 2
2247 544 2
544 2257 2
2257 544 2
545 872 2
872 545 2
545 1240 2
1240 545 2
546 644 2
644 546 2
546 657 2
657 546 2
547 823 2
823 547 2
548 823 2
823 548 2
549 550 1
549 551 2
551 549 2
549 552 2
552 549 2
549 553 2
553 549 2
549 554 2
554 549 2
549 555 2
555 549 2
549 556 2
556 549 2
549 557 2
557 549 2
549 558 0
549 559 2
559 549 2
549 560 2
560 549 2
549 561 2
561 549 2
549 562 2
562 549 2
549 563 2
563 549 2
549 564 2
564 549 2
549 565 2
565 549 2
549 566 0
549 567 2
567 549 2
549 568 2
568 549 2
549 784 2
784 549 2
549 833 0
549 985 2
985 549 2
549 1001 2
1001 549 2
549 1120 0
549 1714 2
1714 549 2
549 1957 2
1957 549 2
549 1970 2
1970 549 2
549 2002 2
2002 549 2
549 2022 1
549 2030 2
2030 549 2
549 2086 2
2086 549 2
549 2257 2
2257 549 2
549 2291 2
2291 549 2
850 550 1
551 767 0
554 583 0
554 591 0
554 985 2
985 554 2
554 1020 2
1020 554 2
554 1224 2
1224 554 2
554 1638 2
1638 554 2
554 1933 2
1933 554 2
554 1934 1
555 555 2
555 555 2
555 617 2
617 555 2
555 657 2
657 555 2
555 981 2
981 555 2
555 1378 1
556 1726 2
1726 556 2
565 565 2
565 565 2
565 946 0
565 1100 2
1100 565 2
1555 566 0
568 1375 2
1375 568 2
568 1630 2
1630 568 2
882 571 1
572 572 2
572 572 2
573 573 2
573 573 2
2077 574 0
784 578 1
2010 581 0
2216 584 0
2216 585 0
1726 586 0
1001 591 0
1458 591 0
2096 591 0
818 595 0
985 595 0
1726 595 0
1484 596 0
985 597 0
2096 597 0
985 598 0
599 599 2
599 599 2
599 854 1
599 2016 2
2016 599 2
600 600 2
600 600 2
1962 601 1
602 602 2
602 602 2
603 603 2
603 603 2
603 604 2
604 603 2
603 605 2
605 603 2
603 606 2
606 603 2
603 607 2
607 603 2
603 608 2
608 603 2
603 609 2
609 603 2
603 610 2
610 603 2
609 1707 1
784 611 1
616 616 2
616 616 2
616 708 2
708 616 2
617 617 2
617 617 2
617 618 2
618 617 2
617 619 2
619 617 2
823 622 0
827 622 0
1007 627 1
1020 627 1
1414 627 1
1663 627 1
1004 628 0
1100 628 0
633 631 1
1022 631 1
2040 631 1
633 632 0
633 1422 2
1422 633 2
633 1554 1
633 2330 2
2330 633 2
637 637 2
637 637 2
638 638 2
638 638 2
638 639 1
640 644 2
644 640 2
640 1962 2
1962 640 2
641 644 2
644 641 2
641 648 2
648 641 2
641 1028 2
1028 641 2
642 644 2
644 642 2
642 872 2
872 642 2
642 882 2
882 642 2
642 1022 2
1022 642 2
642 1028 2
1028 642 2
642 1129 2
1129 642 2
642 1962 2
1962 642 2
642 2010 2
2010 642 2
643 644 2
644 643 2
643 1016 2
1016 643 2
643 1022 2
1022 643 2
643 1028 2
1028 643 2
643 1545 1
643 2019 2
2019 643 2
643 2020 2
2020 643 2
644 644 2
644 644 2
644 646 2
646 644 2
644 647 2
647 644 2
644 648 2
648 644 2
644 649 2
649 644 2
644 656 2
656 644 2
644 657 2
657 644 2
644 658 2
658 644 2
644 848 2
848 644 2
644 865 2
865 644 2
644 959 0
644 962 0
644 972 0
644 1019 2
1019 644 2
644 1020 2
1020 644 2
644 1021 2
1021 644 2
644 1022 2
1022 644 2
644 1023 2
1023 644 2
644 1024 2
1024 644 2
644 1025 1
644 1026 2
1026 644 2
644 1027 2
1027 644 2
644 1028 2
1028 644 2
644 1774 2
1774 644 2
647 1001 2
1001 647 2
647 1028 2
1028 647 2
647 1377 1
648 669 0
648 846 2
846 648 2
648 877 1
648 985 2
985 648 2
648 1028 2
1028 648 2
648 1180 0
648 1509 1
648 1517 2
1517 648 2
648 1602 1
648 1799 2
1799 648 2
648 1800 2
1800 648 2
649 1337 1
652 652 2
652 652 2
652 653 2
653 652 2
652 1435 1
652 1896 1
652 1962 2
1962 652 2
652 2030 2
2030 652 2
652 2110 2
2110 652 2
652 2112 2
2112 652 2
653 653 2
653 653 2
653 1812 2
1812 653 2
654 1028 2
1028 654 2
656 2308 1
657 1730 2
1730 657 2
658 1028 2
1028 658 2
660 659 1
932 661 1
1766 663 1
2144 665 1
2216 676 1
1028 691 1
697 697 2
697 697 2
697 698 2
698 697 2
697 699 0
697 700 2
700 697 2
697 882 2
882 697 2
697 1249 2
1249 697 2
2238 699 0
700 1129 2
1129 700 2
700 2188 2
2188 700 2
706 706 2
706 706 2
706 707 2
707 706 2
706 1714 2
1714 706 2
708 708 2
708 708 2
708 709 2
709 708 2
708 710 2
710 708 2
708 711 2
711 708 2
709 709 2
709 709 2
709 710 2
710 709 2
709 1582 2
1582 709 2
710 710 2
710 710 2
710 1016 2
1016 710 2
712 712 2
712 712 2
712 713 2
713 712 2
712 1311 0
712 1962 2
1962 712 2
713 1102 2
1102 713 2
713 1259 2
1259 713 2
713 2353 2
2353 713 2
715 714 1
715 1962 2
1962 715 2
720 720 2
720 720 2
1277 748 0
749 749 2
749 749 2
751 750 0
751 751 2
751 751 2
815 767 0
818 767 0
821 767 0
822 767 0
784 775 1
793 775 1
864 775 1
799 777 1
800 777 1
784 997 2
997 784 2
784 1004 2
1004 784 2
784 1008 2
1008 784 2
784 1031 1
784 1120 0
784 1139 1
784 1151 2
1151 784 2
784 1179 1
784 1181 0
784 1183 2
1183 784 2
784 1395 0
784 1407 2
1407 784 2
784 1412 2
1412 784 2
784 1444 1
784 1478 1
784 1479 1
784 1480 1
784 1481 2
1481 784 2
784 1482 2
1482 784 2
784 1483 2
1483 784 2
784 1484 2
1484 784 2
784 1485 2
1485 784 2
784 1486 2
1486 784 2
784 1487 1
784 1488 2
1488 784 2
784 1489 1
784 1490 2
1490 784 2
784 1491 1
784 1492 2
1492 784 2
784 1493 1
784 1494 2
1494 784 2
784 1495 2
1495 784 2
784 1496 1
784 1497 2
1497 784 2
784 1498 0
784 1499 2
1499 784 2
784 1500 0
784 1501 1
784 1502 1
793 2010 2
2010 793 2
799 806 1
800 1213 0
800 1221 2
1221 800 2
800 1412 2
1412 800 2
818 844 1
818 1255 1
818 1785 2
1785 818 2
818 1919 2
1919 818 2
818 1958 2
1958 818 2
818 2191 2
2191 818 2
818 2192 2
2192 818 2
823 823 2
823 823 2
823 824 1
823 825 2
825 823 2
823 826 1
823 827 2
827 823 2
823 2096 2
2096 823 2
825 825 2
825 825 2
825 982 1
827 827 2
827 827 2
827 828 2
828 827 2
827 829 2
829 827 2
827 830 2
830 827 2
827 831 0
827 832 2
832 827 2
827 833 0
827 834 2
834 827 2
827 835 2
835 827 2
827 836 1
827 837 2
837 827 2
827 838 2
838 827 2
827 839 1
828 1714 2
1714 828 2
828 2096 2
2096 828 2
829 1045 1
829 1100 2
1100 829 2
829 1484 2
1484 829 2
829 1487 1
829 1624 1
830 1041 0
830 2138 1
830 2272 2
2272 830 2
929 833 0
834 837 2
837 834 2
834 1714 2
1714 834 2
834 2073 2
2073 834 2
834 2257 2
2257 834 2
834 2317 2
2317 834 2
835 1638 2
1638 835 2
835 1669 2
1669 835 2
837 1610 1
837 1638 2
1638 837 2
838 1388 0
840 840 2
840 840 2
841 841 2
841 841 2
846 846 2
846 846 2
846 847 2
847 846 2
848 848 2
848 848 2
850 850 2
850 850 2
850 852 0
850 853 1
850 854 1
850 1063 0
850 1337 1
850 1912 0
850 2202 1
1100 855 0
1008 860 0
862 862 2
862 862 2
862 863 2
863 862 2
863 1100 2
1100 863 2
863 1870 1
864 864 2
864 864 2
864 865 2
865 864 2
865 882 2
882 865 2
872 873 2
873 872 2
872 2257 2
2257 872 2
873 1392 1
882 882 2
882 882 2
882 884 2
884 882 2
882 1249 2
1249 882 2
882 1305 0
882 1420 2
1420 882 2
883 1016 2
1016 883 2
883 2000 2
2000 883 2
884 1249 2
1249 884 2
884 1771 2
1771 884 2
885 885 2
885 885 2
885 886 2
886 885 2
885 887 1
1828 887 1
903 902 0
1137 902 0
903 2017 2
2017 903 2
905 905 2
905 905 2
905 906 2
906 905 2
905 907 2
907 905 2
905 908 0
905 909 2
909 905 2
905 910 2
910 905 2
907 1146 2
1146 907 2
907 1147 2
1147 907 2
907 1150 2
1150 907 2
907 1886 1
907 1962 2
1962 907 2
907 2214 2
2214 907 2
909 908 0
910 995 1
910 996 2
996 910 2
910 1259 2
1259 910 2
910 2141 1
910 2267 1
917 917 2
917 917 2
917 919 2
919 917 2
918 918 2
918 918 2
918 1132 2
1132 918 2
918 1134 2
1134 918 2
919 919 2
919 919 2
920 921 2
921 920 2
921 1376 0
921 1970 2
1970 921 2
926 1422 2
1422 926 2
929 1422 2
1422 929 2
929 1443 1
930 1422 2
1422 930 2
930 1667 2
1667 930 2
931 931 2
931 931 2
932 932 2
932 932 2
932 933 2
933 932 2
933 1726 2
1726 933 2
2077 939 1
942 942 2
942 942 2
943 943 2
943 943 2
943 1726 2
1726 943 2
943 2038 2
2038 943 2
1434 973 0
2045 973 0
1394 974 0
1630 982 1
985 984 0
985 1555 2
1555 985 2
985 1638 2
1638 985 2
985 1970 2
1970 985 2
985 2040 2
2040 985 2
985 2087 2
2087 985 2
985 2291 2
2291 985 2
994 1527 2
1527 994 2
996 996 2
996 996 2
996 1099 2
1099 996 2
996 1101 2
1101 996 2
996 1259 2
1259 996 2
996 1296 2
1296 996 2
996 1297 2
1297 996 2
997 1407 2
1407 997 2
1001 1638 2
1638 1001 2
1003 1003 2
1003 1003 2
1004 1004 2
1004 1004 2
1004 1005 2
1005 1004 2
1004 1006 1
1004 1007 2
1007 1004 2
1004 1619 1
1004 1825 2
1825 1004 2
1004 1826 2
1826 1004 2
1004 2138 1
1004 2219 2
2219 1004 2
1007 1008 2
1008 1007 2
1007 2261 2
2261 1007 2
1008 1008 2
1008 1008 2
1008 1009 2
1009 1008 2
1008 2261 2
2261 1008 2
1808 1011 1
1014 1014 2
1014 1014 2
1016 1016 2
1016 1016 2
1016 1017 2
1017 1016 2
1016 1018 2
1018 1016 2
1016 1187 1
1016 1587 1
1016 1663 2
1663 1016 2
1016 1678 1
1016 1915 2
1915 1016 2
1016 2010 2
2010 1016 2
1016 2257 2
2257 1016 2
1017 2238 2
2238 1017 2
1019 1019 2
1019 1019 2
1021 1026 2
1026 1021 2
1021 1638 2
1638 1021 2
1021 1694 2
1694 1021 2
1021 1719 1
1021 1785 2
1785 1021 2
1021 1917 2
1917 1021 2
1021 2212 2
2212 1021 2
1021 2213 2
2213 1021 2
1022 1137 2
1137 1022 2
1022 1314 2
1314 1022 2
1022 1478 1
1022 1498 0
1022 1545 1
1023 1028 2
1028 1023 2
1028 1028 2
1028 1028 2
1028 1413 2
1413 1028 2
1028 1433 2
1433 1028 2
1028 1434 2
1434 1028 2
1028 1511 2
1511 1028 2
1028 1740 2
1740 1028 2
1028 1741 2
1741 1028 2
1028 1742 2
1742 1028 2
1137 1034 0
1726 1034 0
1484 1038 1
2353 1040 1
1507 1043 0
1726 1043 0
2257 1043 0
1726 1045 1
1106 1046 0
1050 1050 2
1050 1050 2
1051 1051 2
1051 1051 2
1714 1060 1
1061 1061 2
1061 1061 2
1183 1063 0
1815 1063 0
1065 1707 1
2257 1086 0
1099 1808 2
1808 1099 2
1100 1100 2
1100 1100 2
1100 1261 1
1100 1264 2
1264 1100 2
1100 1265 2
1265 1100 2
1100 1266 2
1266 1100 2
1100 1808 2
1808 1100 2
1102 1103 2
1103 1102 2
1102 1104 2
1104 1102 2
1102 1105 2
1105 1102 2
1104 2329 2
2329 1104 2
1105 2329 2
2329 1105 2
1106 1107 2
1107 1106 2
1106 1108 2
1108 1106 2
1106 1109 2
1109 1106 2
1106 1110 1
1109 1392 1
1121 1121 2
1121 1121 2
1129 1129 2
1129 1129 2
1129 1130 2
1130 1129 2
1130 2188 2
2188 1130 2
1132 1132 2
1132 1132 2
1132 1133 2
1133 1132 2
1132 1134 2
1134 1132 2
1137 1137 2
1137 1137 2
1137 1138 2
1138 1137 2
1137 1139 1
1137 1140 2
1140 1137 2
1137 1141 2
1141 1137 2
1137 1142 2
1142 1137 2
1137 1143 2
1143 1137 2
1915 1139 1
1140 2261 2
2261 1140 2
1146 1147 2
1147 1146 2
1146 1663 2
1663 1146 2
1146 1938 2
1938 1146 2
1146 2052 2
2052 1146 2
1147 1148 2
1148 1147 2
1147 1150 2
1150 1147 2
1147 1895 1
1151 1738 1
1151 1983 1
1151 2257 2
2257 1151 2
1153 1153 2
1153 1153 2
1153 1154 2
1154 1153 2
1153 1155 2
1155 1153 2
1153 1156 2
1156 1153 2
1153 1157 2
1157 1153 2
1153 1158 2
1158 1153 2
1154 1154 2
1154 1154 2
1154 1155 2
1155 1154 2
1154 1157 2
1157 1154 2
1165 1165 2
1165 1165 2
1169 1645 2
1645 1169 2
1714 1177 0
1938 1181 0
1183 1407 2
1407 1183 2
1726 1187 1
1206 1206 2
1206 1206 2
1803 1208 0
1412 1213 0
1221 1222 2
1222 1221 2
1225 1225 2
1225 1225 2
1225 1226 2
1226 1225 2
1517 1232 0
1240 1240 2
1240 1240 2
1240 1241 2
1241 1240 2
1240 1242 2
1242 1240 2
1240 1243 2
1243 1240 2
1240 1244 2
1244 1240 2
1240 1245 2
1245 1240 2
1240 1443 1
1240 1674 1
1247 1248 2
1248 1247 2
1249 1249 2
1249 1249 2
1249 1250 2
1250 1249 2
1249 1808 2
1808 1249 2
1249 1962 2
1962 1249 2
1250 1570 2
1570 1250 2
1250 1915 2
1915 1250 2
1254 1377 1
1254 1726 2
1726 1254 2
1256 1680 1
1256 1828 2
1828 1256 2
1256 2006 2
2006 1256 2
1259 1259 2
1259 1259 2
1259 1260 2
1260 1259 2
1264 1599 1
1667 1276 0
1277 2257 2
2257 1277 2
1288 1423 2
1423 1288 2
1298 1298 2
1298 1298 2
1314 1311 0
1508 1311 0
2261 1311 0
1322 1322 2
1322 1322 2
1335 1335 2
1335 1335 2
1341 1337 1
1347 1337 1
1341 1726 2
1726 1341 2
1348 1348 2
1348 1348 2
1349 1349 2
1349 1349 2
1582 1350 0
1362 1362 2
1362 1362 2
1362 1363 2
1363 1362 2
1375 1375 2
1375 1375 2
1375 1961 0
1645 1377 1
1385 1385 2
1385 1385 2
1828 1388 0
1960 1388 0
1517 1393 1
1394 2209 2
2209 1394 2
1397 1397 2
1397 1397 2
1399 1399 2
1399 1399 2
1400 1400 2
1400 1400 2
1401 1401 2
1401 1401 2
1402 1402 2
1402 1402 2
1407 1407 2
1407 1407 2
1409 1409 2
1409 1409 2
1411 1411 2
1411 1411 2
1412 1412 2
1412 1412 2
1412 1413 2
1413 1412 2
1412 1414 2
1414 1412 2
1412 1458 2
1458 1412 2
1420 2022 1
1422 1422 2
1422 1422 2
1423 1423 2
1423 1423 2
1423 1424 2
1424 1423 2
1424 1424 2
1424 1424 2
1425 1425 2
1425 1425 2
1431 1431 2
1431 1431 2
1434 1983 1
1434 2144 2
2144 1434 2
1440 1962 2
1962 1440 2
1482 1442 1
1884 1443 1
1446 1446 2
1446 1446 2
1447 1447 2
1447 1447 2
1448 1448 2
1448 1448 2
1450 1450 2
1450 1450 2
1451 1451 2
1451 1451 2
1464 1464 2
1464 1464 2
1465 1465 2
1465 1465 2
1466 1466 2
1466 1466 2
1467 1467 2
1467 1467 2
1470 1470 2
1470 1470 2
1472 1472 2
1472 1472 2
1473 1473 2
1473 1473 2
1771 1476 1
1915 1476 1
2030 1480 1
1482 2238 2
2238 1482 2
1484 1527 2
1527 1484 2
1484 1725 2
1725 1484 2
1484 1726 2
1726 1484 2
1484 1969 2
1969 1484 2
1484 2022 1
1484 2040 2
2040 1484 2
1484 2273 1
1485 2334 1
1486 1607 0
2238 1489 1
2058 1491 1
2073 1493 1
1494 1714 2
1714 1494 2
1495 1849 0
1495 1966 1
1533 1496 1
1497 1962 2
1962 1497 2
1497 2257 2
2257 1497 2
2030 1501 1
1915 1502 1
1507 1508 2
1508 1507 2
1507 1509 1
1507 1510 2
1510 1507 2
1507 1511 2
1511 1507 2
1508 1529 2
1529 1508 2
1508 1680 1
1508 1685 1
1508 1920 2
1920 1508 2
1510 2261 2
2261 1510 2
1511 1570 2
1570 1511 2
1511 2002 2
2002 1511 2
1517 1513 1
1726 1516 1
1517 1585 1
1517 1667 2
1667 1517 2
1517 1726 2
1726 1517 2
1517 1755 2
1755 1517 2
1517 1817 1
1517 1993 1
1517 2002 2
2002 1517 2
1517 2073 2
2073 1517 2
1517 2077 2
2077 1517 2
1517 2329 2
2329 1517 2
1726 1520 0
2238 1520 0
1527 1759 2
1759 1527 2
1529 1726 2
1726 1529 2
1530 1920 2
1920 1530 2
1531 2017 2
2017 1531 2
1532 1665 1
1532 2144 2
2144 1532 2
1532 2224 0
1535 1582 2
1582 1535 2
1808 1545 1
1726 1546 1
1714 1549 0
1555 1570 2
1570 1555 2
1555 1962 2
1962 1555 2
1555 2073 2
2073 1555 2
1555 2257 2
2257 1555 2
2257 1557 1
2048 1558 0
1570 1785 2
1785 1570 2
1570 1917 2
1917 1570 2
1570 1989 2
1989 1570 2
1570 2011 2
2011 1570 2
2017 1577 1
1726 1581 1
1582 1583 0
1667 1589 1
1828 1589 1
1808 1590 1
1808 1593 1
1803 1599 1
1962 1599 1
2238 1605 1
1915 1607 0
1962 1607 0
2030 1610 1
2223 1610 1
1828 1615 1
1726 1618 1
1826 1618 1
1626 1625 1
1630 1628 0
1630 1765 2
1765 1630 2
1630 1978 2
1978 1630 2
1630 2040 2
2040 1630 2
1638 1714 2
1714 1638 2
1638 1974 1
1638 2086 2
2086 1638 2
1638 2143 0
1638 2299 1
2073 1642 1
1645 1942 2
1942 1645 2
1645 1943 2
1943 1645 2
1726 1646 0
2257 1646 0
1808 1651 1
1962 1665 1
2215 1665 1
1962 1666 1
1667 1668 2
1668 1667 2
1667 1669 2
1669 1667 2
1669 1877 0
1669 2273 1
1670 2238 2
2238 1670 2
1694 1680 1
1920 1685 1
2257 1691 1
2192 1703 1
1714 1715 2
1715 1714 2
1714 1716 2
1716 1714 2
1714 1717 2
1717 1714 2
1726 1719 1
1726 1721 1
1725 1726 2
1726 1725 2
1726 2045 2
2045 1726 2
1726 2048 2
2048 1726 2
1726 2086 2
2086 1726 2
1726 2129 2
2129 1726 2
1726 2130 2
2130 1726 2
1726 2131 2
2131 1726 2
1726 2132 2
2132 1726 2
1726 2133 2
2133 1726 2
1726 2134 2
2134 1726 2
1730 2040 2
2040 1730 2
1741 1803 2
1803 1741 2
1742 1815 2
1815 1742 2
1755 1756 1
1755 1757 2
1757 1755 2
1755 1758 2
1758 1755 2
1755 1896 1
1757 1808 2
1808 1757 2
1765 1766 2
1766 1765 2
2110 1767 1
1962 1769 1
1771 1772 2
1772 1771 2
1771 1773 2
1773 1771 2
1772 1900 1
1772 1919 2
1919 1772 2
1772 2000 2
2000 1772 2
1772 2044 2
2044 1772 2
2010 1775 1
2073 1782 1
1785 1915 2
1915 1785 2
1785 2006 2
2006 1785 2
1785 2073 2
2073 1785 2
1785 2096 2
2096 1785 2
2010 1789 1
1793 2193 1
1808 1989 2
1989 1808 2
1812 2017 2
2017 1812 2
1814 2030 2
2030 1814 2
1825 1817 1
2317 1820 1
1828 1829 2
1829 1828 2
1828 1830 2
1830 1828 2
1828 2006 2
2006 1828 2
1829 2006 2
2006 1829 2
1830 2006 2
2006 1830 2
1838 1839 0
1838 1840 2
1840 1838 2
2223 1847 0
1884 1915 2
1915 1884 2
1884 2010 2
2010 1884 2
1930 1896 1
1915 1916 2
1916 1915 2
1915 1917 2
1917 1915 2
1915 1918 2
1918 1915 2
1915 1919 2
1919 1915 2
1917 2010 2
2010 1917 2
1917 2247 2
2247 1917 2
1919 1957 2
1957 1919 2
1919 1983 1
1919 2073 2
2073 1919 2
1919 2096 2
2096 1919 2
1919 2192 2
2192 1919 2
1919 2329 2
2329 1919 2
1920 1960 2
1960 1920 2
1942 2081 2
2081 1942 2
1960 1950 0
1957 1958 2
1958 1957 2
1960 2076 2
2076 1960 2
1962 1963 2
1963 1962 2
1962 1964 2
1964 1962 2
1962 1965 2
1965 1962 2
1962 1966 1
1962 1967 2
1967 1962 2
1963 2146 0
1978 1974 1
2096 1976 1
1981 1982 2
1982 1981 2
1989 1983 1
1989 2073 2
2073 1989 2
1989 2096 2
2096 1989 2
1994 1995 2
1995 1994 2
2006 2319 2
2319 2006 2
2006 2320 2
2320 2006 2
2007 2192 2
2192 2007 2
2010 2011 2
2011 2010 2
2011 2084 0
2019 2022 1
2030 2031 2
2031 2030 2
2030 2032 2
2032 2030 2
2030 2033 2
2033 2030 2
2038 2039 2
2039 2038 2
2040 2041 2
2041 2040 2
2040 2042 2
2042 2040 2
2040 2223 2
2223 2040 2
2045 2086 2
2086 2045 2
2048 2049 2
2049 2048 2
2055 2053 1
2058 2059 2
2059 2058 2
2058 2073 2
2073 2058 2
2058 2268 1
2073 2074 2
2074 2073 2
2073 2075 2
2075 2073 2
2096 2097 2
2097 2096 2
2096 2098 2
2098 2096 2
2097 2257 2
2257 2097 2
2110 2111 2
2111 2110 2
2144 2145 0
2157 2257 2
2257 2157 2
2158 2159 2
2159 2158 2
2158 2160 2
2160 2158 2
2209 2210 2
2210 2209 2
2209 2211 2
2211 2209 2
2216 2217 2
2217 2216 2
2216 2218 2
2218 2216 2
2257 2258 2
2258 2257 2
2257 2259 2
2259 2257 2
2261 2262 2
2262 2261 2
2261 2263 2
2263 2261 2
2291 2292 2
2292 2291 2
2291 2293 2
2293 2291 2
2353 2354 2
2354 2353 2
