0 17
0 19
0 36
0 54
0 57
1 97
1 9
1 10
1 44
1 13
1 77
1 49
1 87
2 88
2 16
2 49
3 9
3 42
3 18
3 54
3 56
3 92
3 62
4 5
4 50
4 19
4 52
4 54
4 31
5 20
6 42
6 59
7 88
7 11
7 63
8 25
8 99
8 60
9 65
9 57
9 25
9 92
10 81
10 51
10 13
11 64
11 98
11 69
11 66
11 89
11 58
11 27
12 65
12 78
13 49
13 79
14 57
15 48
15 97
15 50
15 34
16 71
16 42
16 66
16 50
16 85
16 61
17 51
17 93
17 86
17 71
18 25
18 75
18 71
19 52
19 36
20 72
20 76
20 84
20 22
20 92
21 23
22 24
22 90
22 39
22 31
23 98
23 47
23 49
23 83
23 58
23 60
23 26
23 94
24 65
24 90
24 85
25 64
25 98
25 37
26 57
26 27
26 37
27 78
28 48
28 32
28 53
28 41
29 64
29 68
30 72
30 90
30 36
30 45
31 45
31 93
32 73
32 38
33 47
33 35
33 68
33 55
34 64
34 42
34 36
35 73
35 86
35 41
37 92
37 53
37 87
38 56
38 46
38 87
39 55
41 60
42 64
42 96
42 76
42 56
42 93
43 65
43 84
43 94
44 64
44 93
45 85
46 83
47 59
47 91
48 81
48 85
48 86
48 93
49 83
49 53
50 79
51 83
52 73
52 63
53 67
54 97
55 64
55 75
57 96
57 80
57 90
57 91
59 72
59 71
60 97
60 74
60 62
61 70
61 87
62 70
63 88
63 97
63 67
65 84
69 79
69 84
69 95
71 81
72 89
76 92
78 89
78 83
79 80
79 90
79 92
80 93
86 99
86 87
86 95
87 91
90 91
90 93
91 96
94 95
