1 1 0
1 1 0
1 2 0
2 1 0
1 3 0
3 1 0
2 1041 0
1041 2 0
2 1076 0
1076 2 0
2 1078 0
1078 2 0
2 1079 0
1079 2 0
2 1246 0
1246 2 0
2 1275 0
1275 2 0
2 1350 0
1350 2 0
3 463 0
463 3 0
3 974 0
974 3 0
3 975 0
975 3 0
3 996 2
3 1079 0
1079 3 0
566 4 1
224 6 1
747 6 1
1113 6 1
1180 6 1
1181 6 1
1182 6 1
1279 6 1
811 7 1
8 8 0
8 8 0
15 15 0
15 15 0
15 352 0
352 15 0
15 676 1
15 1052 0
1052 15 0
15 1055 1
15 1310 1
15 1817 1
186 17 1
20 20 0
20 20 0
20 21 0
21 20 0
20 22 0
22 20 0
20 23 0
23 20 0
20 1079 0
1079 20 0
21 155 1
21 227 1
21 593 0
593 21 0
21 849 0
849 21 0
21 920 2
21 1174 0
1174 21 0
21 1249 2
22 22 0
22 22 0
23 303 0
303 23 0
23 396 0
396 23 0
23 417 2
23 439 0
439 23 0
23 485 0
485 23 0
23 593 0
593 23 0
23 670 0
670 23 0
23 699 0
699 23 0
23 727 0
727 23 0
23 802 1
23 833 0
833 23 0
23 849 0
849 23 0
23 877 1
23 1174 0
1174 23 0
23 1336 1
23 1376 0
1376 23 0
23 1379 0
1379 23 0
23 1452 0
1452 23 0
2220 27 1
183 31 1
566 31 1
1346 31 1
39 33 2
1640 35 2
1874 35 2
946 37 2
39 126 2
39 231 0
231 39 0
39 389 0
389 39 0
39 391 0
391 39 0
39 549 2
39 566 0
566 39 0
39 591 0
591 39 0
39 1041 0
1041 39 0
39 1069 0
1069 39 0
39 1100 2
39 1120 0
1120 39 0
39 1246 0
1246 39 0
39 1439 0
1439 39 0
39 1449 1
39 1726 2
39 2127 0
2127 39 0
44 44 0
44 44 0
44 45 0
45 44 0
44 46 2
44 47 0
47 44 0
44 48 0
48 44 0
45 45 0
45 45 0
45 48 0
48 45 0
45 1012 0
1012 45 0
212 46 2
298 46 2
1208 46 2
48 48 0
48 48 0
48 49 0
49 48 0
49 173 0
173 49 0
49 317 2
49 683 0
683 49 0
49 727 0
727 49 0
49 1016 2
49 1220 0
1220 49 0
49 1452 0
1452 49 0
1210 54 1
71 57 1
76 57 1
585 57 1
588 57 1
927 57 1
1113 57 1
1520 57 1
1523 57 1
2127 57 1
2143 57 1
2220 57 1
68 58 1
1041 58 1
1912 58 1
1612 59 1
63 60 2
463 61 2
767 61 2
63 63 0
63 63 0
63 375 0
375 63 0
63 849 0
849 63 0
63 850 2
63 851 0
851 63 0
63 852 0
852 63 0
63 1053 0
1053 63 0
390 64 2
566 66 1
68 68 0
68 68 0
68 69 0
69 68 0
68 70 0
70 68 0
68 71 0
71 68 0
68 72 0
72 68 0
68 73 0
73 68 0
68 74 1
68 75 0
75 68 0
68 76 0
76 68 0
68 456 2
68 663 1
68 836 1
68 1041 0
1041 68 0
68 1443 1
68 1817 1
68 2084 0
2084 68 0
68 2220 0
2220 68 0
69 102 2
69 181 0
181 69 0
69 195 1
69 299 2
69 334 1
69 530 2
69 709 2
69 717 0
717 69 0
69 827 2
69 867 0
867 69 0
69 874 0
874 69 0
69 984 0
984 69 0
69 1053 0
1053 69 0
69 1395 0
1395 69 0
69 1410 0
1410 69 0
69 1520 0
1520 69 0
69 1554 1
69 1880 1
69 1952 0
1952 69 0
70 566 0
566 70 0
70 588 0
588 70 0
70 699 0
699 70 0
70 943 2
70 1038 1
70 1210 0
1210 70 0
70 1849 0
1849 70 0
70 2119 0
2119 70 0
70 2287 0
2287 70 0
71 143 1
71 238 1
71 399 2
71 566 0
566 71 0
71 664 0
664 71 0
71 699 0
699 71 0
71 1034 0
1034 71 0
71 1041 0
1041 71 0
71 1102 2
71 1167 0
1167 71 0
71 1346 0
1346 71 0
71 1408 0
1408 71 0
71 1582 2
71 1726 2
71 1747 0
1747 71 0
71 1817 1
71 1827 0
1827 71 0
72 396 0
396 72 0
72 753 0
753 72 0
72 823 2
72 849 0
849 72 0
72 976 0
976 72 0
72 1041 0
1041 72 0
72 1452 0
1452 72 0
73 583 0
583 73 0
73 584 0
584 73 0
73 585 0
585 73 0
73 586 0
586 73 0
73 588 0
588 73 0
73 714 1
73 752 0
752 73 0
73 1033 0
1033 73 0
73 1034 0
1034 73 0
73 1114 0
1114 73 0
73 1117 0
1117 73 0
73 1122 0
1122 73 0
73 1952 0
1952 73 0
73 2143 0
2143 73 0
1041 74 1
75 583 0
583 75 0
75 584 0
584 75 0
75 586 0
586 75 0
75 925 0
925 75 0
75 1033 0
1033 75 0
75 1034 0
1034 75 0
75 1038 1
75 1114 0
1114 75 0
75 1117 0
1117 75 0
75 1122 0
1122 75 0
75 1350 0
1350 75 0
75 1439 0
1439 75 0
76 709 2
566 77 1
1866 80 2
874 82 1
1386 82 1
1269 83 2
85 85 0
85 85 0
85 843 0
843 85 0
90 90 0
90 90 0
90 91 0
91 90 0
90 92 0
92 90 0
91 92 0
92 91 0
91 111 0
111 91 0
92 92 0
92 92 0
92 188 0
188 92 0
92 1178 0
1178 92 0
485 94 2
664 94 2
699 94 2
1381 94 2
104 104 0
104 104 0
104 105 0
105 104 0
107 107 0
107 107 0
107 108 0
108 107 0
107 109 0
109 107 0
107 110 0
110 107 0
107 111 0
111 107 0
107 112 0
112 107 0
107 113 0
113 107 0
107 664 0
664 107 0
107 1566 0
1566 107 0
110 111 0
111 110 0
111 221 0
221 111 0
111 630 0
630 111 0
111 664 0
664 111 0
111 1208 0
1208 111 0
111 1506 0
1506 111 0
111 1525 1
111 1566 0
1566 111 0
111 2240 0
2240 111 0
111 2241 0
2241 111 0
111 2242 0
2242 111 0
111 2243 0
2243 111 0
111 2244 0
2244 111 0
111 2245 0
2245 111 0
111 2246 0
2246 111 0
112 112 0
112 112 0
112 748 0
748 112 0
112 1478 1
112 1520 0
1520 112 0
112 1961 0
1961 112 0
113 425 2
114 114 0
114 114 0
114 1408 0
1408 114 0
2078 115 2
186 117 2
1388 117 2
767 118 2
975 118 2
591 120 2
762 120 2
765 120 2
820 120 2
1135 120 2
591 123 2
767 123 2
1120 123 2
174 126 2
463 128 2
588 128 2
1912 128 2
849 130 2
1439 131 2
595 134 2
1439 135 2
400 137 2
566 144 1
463 145 1
212 147 2
402 147 2
437 147 2
441 147 2
721 147 2
727 147 2
1052 147 2
1175 147 2
2127 147 2
1181 149 1
214 153 1
874 153 1
1252 153 1
303 156 2
214 157 1
581 158 1
1144 158 1
1053 166 2
849 168 2
591 169 2
1053 169 2
202 170 1
767 170 1
768 170 1
173 173 0
173 173 0
174 174 0
174 174 0
174 175 0
175 174 0
174 176 0
176 174 0
174 177 0
177 174 0
174 178 0
178 174 0
174 1038 1
175 1038 1
176 176 0
176 176 0
176 361 2
176 461 0
461 176 0
176 737 0
737 176 0
176 744 0
744 176 0
176 748 0
748 176 0
176 811 0
811 176 0
176 849 0
849 176 0
176 1227 0
1227 176 0
176 1228 0
1228 176 0
176 1229 0
1229 176 0
176 1230 0
1230 176 0
176 1231 0
1231 176 0
176 1232 0
1232 176 0
176 1233 0
1233 176 0
176 1234 0
1234 176 0
176 1235 0
1235 176 0
176 1275 0
1275 176 0
176 2164 0
2164 176 0
177 1607 0
1607 177 0
178 1038 1
179 179 0
179 179 0
179 180 0
180 179 0
179 181 0
181 179 0
179 182 0
182 179 0
179 183 0
183 179 0
179 184 1
179 185 0
185 179 0
179 204 0
204 179 0
179 376 2
179 1139 1
179 1170 0
1170 179 0
179 1520 0
1520 179 0
179 1583 0
1583 179 0
179 1624 1
179 1950 0
1950 179 0
180 181 0
181 180 0
180 183 0
183 180 0
181 181 0
181 181 0
181 182 0
182 181 0
181 183 0
183 181 0
181 208 0
208 181 0
181 209 1
181 210 1
181 885 2
181 1170 0
1170 181 0
181 1607 0
1607 181 0
181 1912 0
1912 181 0
182 183 0
183 182 0
183 183 0
183 183 0
183 946 0
946 183 0
183 947 0
947 183 0
183 948 0
948 183 0
183 950 0
950 183 0
183 2078 0
2078 183 0
1279 184 1
185 396 0
396 185 0
185 425 2
185 510 0
510 185 0
185 520 0
520 185 0
185 593 0
593 185 0
185 627 1
185 697 2
185 709 2
185 844 1
185 849 0
849 185 0
185 850 2
185 1038 1
185 1194 0
1194 185 0
185 1599 1
185 1912 0
1912 185 0
185 2137 1
185 2238 2
185 2268 1
186 186 0
186 186 0
186 187 0
187 186 0
186 252 2
186 290 2
186 1067 0
1067 186 0
186 1069 0
1069 186 0
186 1208 0
1208 186 0
186 1218 0
1218 186 0
186 1311 0
1311 186 0
186 1521 1
186 1551 0
1551 186 0
186 1852 1
186 1881 0
1881 186 0
186 2346 0
2346 186 0
186 2347 0
2347 186 0
186 2348 0
2348 186 0
186 2349 0
2349 186 0
186 2350 0
2350 186 0
187 896 0
896 187 0
187 1178 0
1178 187 0
187 1281 1
187 1403 0
1403 187 0
187 1422 2
188 304 0
304 188 0
188 867 0
867 188 0
188 1052 0
1052 188 0
188 1058 0
1058 188 0
189 189 0
189 189 0
189 190 0
190 189 0
189 191 0
191 189 0
189 192 0
192 189 0
189 193 0
193 189 0
189 283 1
189 1535 2
189 1587 1
189 1714 2
189 1767 1
189 1822 0
1822 189 0
189 2001 0
2001 189 0
189 2290 0
2290 189 0
190 190 0
190 190 0
190 191 0
191 190 0
190 192 0
192 190 0
190 309 0
309 190 0
190 310 0
310 190 0
190 311 0
311 190 0
190 312 0
312 190 0
190 313 0
313 190 0
190 1252 0
1252 190 0
190 1500 0
1500 190 0
190 1501 1
190 1962 2
190 2001 0
2001 190 0
190 2283 0
2283 190 0
190 2332 0
2332 190 0
191 1476 1
191 1521 1
192 1602 1
632 195 1
1113 195 1
202 199 1
732 199 1
1181 199 1
1208 199 1
1569 199 1
1452 201 1
202 302 2
202 350 0
350 202 0
202 356 0
356 202 0
202 394 0
394 202 0
202 490 2
202 591 0
591 202 0
202 1010 1
767 203 2
204 204 0
204 204 0
204 205 0
205 204 0
204 206 0
206 204 0
208 874 0
874 208 0
208 1289 0
1289 208 0
208 1443 1
566 209 1
588 209 1
684 209 1
970 209 1
1111 209 1
1749 209 1
1912 209 1
684 210 1
2189 210 1
211 211 0
211 211 0
211 212 0
212 211 0
211 213 0
213 211 0
211 214 0
214 211 0
212 212 0
212 212 0
212 214 0
214 212 0
212 301 2
212 302 2
212 304 0
304 212 0
212 402 0
402 212 0
212 403 0
403 212 0
212 404 0
404 212 0
212 437 0
437 212 0
212 620 0
620 212 0
212 622 0
622 212 0
212 843 0
843 212 0
212 1020 2
212 1094 0
1094 212 0
212 1096 0
1096 212 0
212 1097 0
1097 212 0
212 1098 0
1098 212 0
212 1171 0
1171 212 0
212 1172 1
212 1173 0
1173 212 0
212 1379 0
1379 212 0
212 1714 2
212 2208 0
2208 212 0
213 280 2
213 296 0
296 213 0
213 399 2
213 447 0
447 213 0
213 520 0
520 213 0
213 595 0
595 213 0
213 664 0
664 213 0
213 1346 0
1346 213 0
213 1350 0
1350 213 0
213 1443 1
213 1554 1
213 1900 1
213 1966 1
214 214 0
214 214 0
214 276 0
276 214 0
214 299 2
214 302 2
214 402 0
402 214 0
214 403 0
403 214 0
214 404 0
404 214 0
214 437 0
437 214 0
214 596 0
596 214 0
214 1094 0
1094 214 0
214 1095 0
1095 214 0
214 1096 0
1096 214 0
214 1097 0
1097 214 0
214 1098 0
1098 214 0
214 1171 0
1171 214 0
217 217 0
217 217 0
217 218 0
218 217 0
217 219 0
219 217 0
217 220 0
220 217 0
217 221 0
221 217 0
217 222 1
217 223 0
223 217 0
217 224 0
224 217 0
217 225 0
225 217 0
217 389 0
389 217 0
217 659 1
217 911 0
911 217 0
218 218 0
218 218 0
218 225 0
225 218 0
218 495 0
495 218 0
218 1787 0
1787 218 0
219 318 2
219 480 2
219 753 0
753 219 0
219 765 0
765 219 0
219 767 0
767 219 0
220 220 0
220 220 0
220 389 0
389 220 0
220 833 0
833 220 0
220 1787 0
1787 220 0
220 2015 0
2015 220 0
221 290 2
221 1144 0
1144 221 0
221 1207 0
1207 221 0
221 1208 0
1208 221 0
221 1311 0
1311 221 0
223 1787 0
1787 223 0
224 224 0
224 224 0
224 1046 0
1046 224 0
225 225 0
225 225 0
231 227 1
232 227 1
233 227 1
236 227 1
1311 229 1
231 231 0
231 231 0
231 232 0
232 231 0
231 233 0
233 231 0
231 234 2
231 236 0
236 231 0
231 447 0
447 231 0
231 959 0
959 231 0
231 960 0
960 231 0
231 961 0
961 231 0
231 962 0
962 231 0
231 963 0
963 231 0
231 964 0
964 231 0
231 965 0
965 231 0
231 966 0
966 231 0
231 967 0
967 231 0
231 968 0
968 231 0
231 969 0
969 231 0
231 970 0
970 231 0
231 971 0
971 231 0
231 972 0
972 231 0
231 1020 2
231 1043 0
1043 231 0
231 1081 0
1081 231 0
231 1131 0
1131 231 0
231 1279 0
1279 231 0
231 1307 0
1307 231 0
231 1333 0
1333 231 0
231 1520 0
1520 231 0
231 1614 1
231 1680 1
231 1756 1
231 2072 0
2072 231 0
232 236 0
236 232 0
232 566 0
566 232 0
232 1131 0
1131 232 0
232 1279 0
1279 232 0
232 1307 0
1307 232 0
232 1614 1
232 1663 2
232 1680 1
232 2072 0
2072 232 0
233 233 0
233 233 0
233 236 0
236 233 0
233 338 2
233 970 0
970 233 0
233 978 0
978 233 0
236 234 2
236 236 0
236 236 0
236 685 0
685 236 0
236 686 0
686 236 0
236 1131 0
1131 236 0
236 1305 0
1305 236 0
236 1306 0
1306 236 0
236 1307 0
1307 236 0
236 1680 1
236 2082 0
2082 236 0
236 2084 0
2084 236 0
236 2206 0
2206 236 0
298 237 2
435 237 2
583 237 2
1058 237 2
398 238 1
1326 238 1
1606 238 1
1910 238 1
2078 238 1
595 239 2
1181 239 2
1376 239 2
721 253 2
276 272 2
596 275 2
276 298 0
298 276 0
276 304 0
304 276 0
276 591 0
591 276 0
276 593 0
593 276 0
276 752 0
752 276 0
276 827 2
276 833 0
833 276 0
276 867 0
867 276 0
276 874 0
874 276 0
276 1052 0
1052 276 0
276 1053 0
1053 276 0
276 1058 0
1058 276 0
276 1213 0
1213 276 0
276 1607 0
1607 276 0
925 277 2
927 277 2
928 277 2
351 278 2
596 283 1
632 283 1
1041 283 1
1053 283 1
1350 283 1
1866 283 1
2093 283 1
686 290 2
1144 290 2
1506 290 2
1537 290 2
1931 290 2
375 294 2
748 294 2
296 296 0
296 296 0
296 297 0
297 296 0
296 359 0
359 296 0
296 499 1
296 520 0
520 296 0
296 661 1
296 1247 2
298 298 0
298 298 0
298 299 2
298 300 0
300 298 0
298 301 2
298 302 2
298 303 0
303 298 0
298 304 0
304 298 0
298 581 0
581 298 0
300 390 0
390 300 0
300 566 0
566 300 0
300 591 0
591 300 0
300 875 0
875 300 0
300 985 2
300 1087 0
1087 300 0
300 1120 0
1120 300 0
300 1866 0
1866 300 0
300 2096 2
1181 301 2
591 302 2
1208 302 2
303 303 0
303 303 0
303 304 0
304 303 0
303 591 0
591 303 0
303 625 0
625 303 0
303 867 0
867 303 0
303 874 0
874 303 0
303 1058 0
1058 303 0
304 304 0
304 304 0
304 566 0
566 304 0
304 591 0
591 304 0
304 592 0
592 304 0
304 593 0
593 304 0
304 620 0
620 304 0
304 621 0
621 304 0
304 622 0
622 304 0
304 623 0
623 304 0
304 624 0
624 304 0
304 625 0
625 304 0
304 626 0
626 304 0
304 703 0
703 304 0
304 867 0
867 304 0
304 874 0
874 304 0
304 1058 0
1058 304 0
581 334 1
1505 334 1
1213 336 1
703 341 2
703 348 2
350 350 0
350 350 0
350 351 0
351 350 0
350 352 0
352 350 0
350 353 0
353 350 0
350 354 0
354 350 0
350 355 0
355 350 0
350 356 0
356 350 0
351 351 0
351 351 0
351 352 0
352 351 0
351 353 0
353 351 0
351 946 0
946 351 0
351 949 0
949 351 0
351 1056 0
1056 351 0
351 1057 0
1057 351 0
351 2070 1
352 353 0
353 352 0
352 588 0
588 352 0
352 669 0
669 352 0
352 887 1
352 946 0
946 352 0
352 949 0
949 352 0
352 1045 1
352 1055 1
352 1056 0
1056 352 0
352 1484 2
352 1498 0
1498 352 0
352 1557 1
352 1582 2
352 1846 0
1846 352 0
352 1950 0
1950 352 0
352 2127 0
2127 352 0
353 588 0
588 353 0
353 925 0
925 353 0
353 946 0
946 353 0
353 1055 1
353 1167 0
1167 353 0
353 1606 0
1606 353 0
353 1691 1
353 1950 0
1950 353 0
353 2070 1
353 2186 0
2186 353 0
353 2187 0
2187 353 0
355 854 1
355 1585 1
355 1912 0
1912 355 0
355 2356 0
2356 355 0
356 356 0
356 356 0
356 393 0
393 356 0
356 394 0
394 356 0
356 591 0
591 356 0
356 1443 1
359 357 2
1520 358 2
359 359 0
359 359 0
359 721 0
721 359 0
359 1452 0
1452 359 0
1167 369 1
375 372 1
375 373 1
1194 373 1
375 392 1
375 435 0
435 375 0
375 439 0
439 375 0
375 447 0
447 375 0
375 849 0
849 375 0
375 867 0
867 375 0
375 1016 2
2143 376 2
595 377 2
1950 386 2
589 388 2
684 388 2
874 388 2
1041 388 2
1066 388 2
1520 388 2
389 389 0
389 389 0
389 390 0
390 389 0
389 391 0
391 389 0
390 390 0
390 390 0
390 566 0
566 390 0
390 591 0
591 390 0
390 597 0
597 390 0
390 622 0
622 390 0
390 746 0
746 390 0
390 874 0
874 390 0
390 875 0
875 390 0
390 985 2
390 1070 0
1070 390 0
390 1071 0
1071 390 0
390 1072 0
1072 390 0
390 1087 0
1087 390 0
390 1088 0
1088 390 0
390 1089 0
1089 390 0
390 1090 0
1090 390 0
390 1091 0
1091 390 0
390 1092 0
1092 390 0
390 1119 0
1119 390 0
390 1120 0
1120 390 0
390 1772 2
390 2164 0
2164 390 0
391 391 0
391 391 0
391 566 0
566 391 0
391 1069 0
1069 391 0
391 1070 0
1070 391 0
391 1071 0
1071 391 0
391 1072 0
1072 391 0
391 1073 0
1073 391 0
391 1074 0
1074 391 0
391 1075 0
1075 391 0
391 1120 0
1120 391 0
391 1439 0
1439 391 0
391 1912 0
1912 391 0
393 394 0
394 393 0
393 591 0
591 393 0
396 396 0
396 396 0
396 397 0
397 396 0
396 398 0
398 396 0
396 399 2
396 400 0
400 396 0
397 397 0
397 397 0
397 692 0
692 397 0
398 456 2
398 485 0
485 398 0
398 549 2
398 616 2
398 627 1
398 632 0
632 398 0
398 664 0
664 398 0
398 699 0
699 398 0
398 849 0
849 398 0
398 1041 0
1041 398 0
398 1100 2
398 1102 2
398 1194 0
1194 398 0
398 1281 1
398 1346 0
1346 398 0
398 1379 0
1379 398 0
587 399 2
588 399 2
960 399 2
962 399 2
963 399 2
970 399 2
972 399 2
400 1866 0
1866 400 0
402 401 2
403 401 2
404 401 2
767 401 2
402 1098 0
1098 402 0
402 1171 0
1171 402 0
402 1707 1
403 1171 0
1171 403 0
411 411 0
411 411 0
411 412 0
412 411 0
411 413 0
413 411 0
411 414 0
414 411 0
411 415 0
415 411 0
411 861 0
861 411 0
411 2184 0
2184 411 0
628 425 2
651 425 2
1520 428 2
447 429 2
632 429 2
664 429 2
699 429 2
1350 429 2
435 436 0
436 435 0
435 437 0
437 435 0
435 438 0
438 435 0
435 439 0
439 435 0
435 440 0
440 435 0
435 441 0
441 435 0
435 1181 0
1181 435 0
436 439 0
439 436 0
437 439 0
439 437 0
439 439 0
439 439 0
439 440 0
440 439 0
439 441 0
441 439 0
439 461 0
461 439 0
439 462 0
462 439 0
439 1181 0
1181 439 0
440 574 0
574 440 0
440 1181 0
1181 440 0
441 492 2
441 1181 0
1181 441 0
441 1232 0
1232 441 0
441 2164 0
2164 441 0
447 447 0
447 447 0
447 448 0
448 447 0
447 449 0
449 447 0
447 2022 1
1114 457 2
461 721 0
721 461 0
461 737 0
737 461 0
461 1068 0
1068 461 0
461 1406 0
1406 461 0
462 537 1
462 867 0
867 462 0
462 1181 0
1181 462 0
462 2164 0
2164 462 0
463 463 0
463 463 0
463 968 0
968 463 0
463 1076 0
1076 463 0
463 1077 0
1077 463 0
463 1084 0
1084 463 0
463 1309 1
463 1498 0
1498 463 0
463 1618 1
463 1621 1
463 1721 1
463 1767 1
463 1852 1
463 2335 0
2335 463 0
464 464 0
464 464 0
465 465 0
465 465 0
465 466 0
466 465 0
465 467 0
467 465 0
465 468 0
468 465 0
465 469 1
465 470 0
470 465 0
465 471 0
471 465 0
466 466 0
466 466 0
471 1337 1
581 478 1
1030 478 1
2224 478 1
485 485 0
485 485 0
485 486 0
486 485 0
485 487 0
487 485 0
485 488 0
488 485 0
486 566 0
566 486 0
486 583 0
583 486 0
486 584 0
584 486 0
486 586 0
586 486 0
486 588 0
588 486 0
486 925 0
925 486 0
486 1033 0
1033 486 0
486 1034 0
1034 486 0
486 1114 0
1114 486 0
486 1117 0
1117 486 0
486 1122 0
1122 486 0
486 1817 1
486 1952 0
1952 486 0
487 664 0
664 487 0
489 489 0
489 489 0
489 1460 0
1460 489 0
591 492 2
1144 492 2
495 494 1
495 569 1
495 593 0
593 495 0
495 833 0
833 495 0
495 885 2
495 1281 1
495 1376 0
1376 495 0
495 1452 0
1452 495 0
566 496 1
512 499 1
1043 499 1
1194 499 1
811 504 1
767 505 1
582 508 1
1311 508 1
510 510 0
510 510 0
510 699 0
699 510 0
510 1038 1
510 1041 0
1041 510 0
510 1167 0
1167 510 0
510 1194 0
1194 510 0
512 1194 0
1194 512 0
520 520 0
520 520 0
1718 524 1
527 527 0
527 527 0
535 535 0
535 535 0
595 537 1
1218 537 1
542 540 2
583 540 2
542 541 1
583 541 1
542 583 0
583 542 0
558 549 2
566 549 2
833 549 2
1120 549 2
767 551 2
583 554 2
591 554 2
558 1052 0
1052 558 0
558 1058 0
1058 558 0
946 565 2
566 566 0
566 566 0
566 570 1
566 597 0
597 566 0
566 601 1
566 628 0
628 566 0
566 704 0
704 566 0
566 875 0
875 566 0
566 887 1
566 1031 1
566 1036 0
1036 566 0
566 1040 1
566 1045 1
566 1052 0
1052 566 0
566 1069 0
1069 566 0
566 1070 0
1070 566 0
566 1071 0
1071 566 0
566 1072 0
1072 566 0
566 1073 0
1073 566 0
566 1075 0
1075 566 0
566 1087 0
1087 566 0
566 1088 0
1088 566 0
566 1089 0
1089 566 0
566 1091 0
1091 566 0
566 1093 0
1093 566 0
566 1120 0
1120 566 0
566 1487 1
566 1500 0
1500 566 0
566 1524 1
566 1525 1
566 1541 0
1541 566 0
566 1542 1
566 1543 0
1543 566 0
566 1544 0
1544 566 0
566 1545 1
566 1546 1
566 1547 0
1547 566 0
566 1548 1
566 1549 0
1549 566 0
566 1550 1
566 1551 0
1551 566 0
566 1552 0
1552 566 0
566 1553 0
1553 566 0
566 1554 1
566 1555 2
566 1556 0
1556 566 0
566 1557 1
566 1558 0
1558 566 0
566 2141 1
699 570 1
574 574 0
574 574 0
574 2077 2
574 2119 0
2119 574 0
580 580 0
580 580 0
580 581 0
581 580 0
581 851 0
851 581 0
581 2010 2
582 582 0
582 582 0
582 2189 0
2189 582 0
583 583 0
583 583 0
583 584 0
584 583 0
583 585 0
585 583 0
583 586 0
586 583 0
583 587 0
587 583 0
583 588 0
588 583 0
583 589 0
589 583 0
583 1952 0
1952 583 0
584 584 0
584 584 0
584 585 0
585 584 0
584 586 0
586 584 0
584 587 0
587 584 0
584 588 0
588 584 0
584 589 0
589 584 0
584 628 0
628 584 0
584 661 1
584 925 0
925 584 0
584 963 0
963 584 0
584 966 0
966 584 0
584 1033 0
1033 584 0
584 1034 0
1034 584 0
584 1111 0
1111 584 0
584 1113 0
1113 584 0
584 1114 0
1114 584 0
584 1122 0
1122 584 0
584 1443 1
584 2143 0
2143 584 0
584 2216 2
585 585 0
585 585 0
585 586 0
586 585 0
585 588 0
588 585 0
585 628 0
628 585 0
585 959 0
959 585 0
585 963 0
963 585 0
585 964 0
964 585 0
585 1033 0
1033 585 0
585 1034 0
1034 585 0
585 1038 1
585 1114 0
1114 585 0
585 1117 0
1117 585 0
585 1118 0
1118 585 0
585 1122 0
1122 585 0
585 1350 0
1350 585 0
585 1614 1
585 1912 0
1912 585 0
585 1952 0
1952 585 0
585 2119 0
2119 585 0
585 2216 2
585 2231 1
586 586 0
586 586 0
586 587 0
587 586 0
586 588 0
588 586 0
586 589 0
589 586 0
586 628 0
628 586 0
586 676 1
586 684 0
684 586 0
586 925 0
925 586 0
586 1033 0
1033 586 0
586 1034 0
1034 586 0
586 1111 0
1111 586 0
586 1113 0
1113 586 0
586 1114 0
1114 586 0
586 1115 0
1115 586 0
586 1117 0
1117 586 0
586 1122 0
1122 586 0
586 1726 2
586 1817 1
586 1952 0
1952 586 0
586 1966 1
586 1983 1
586 2202 1
587 588 0
588 587 0
587 752 0
752 587 0
587 1114 0
1114 587 0
587 1122 0
1122 587 0
587 1346 0
1346 587 0
587 1350 0
1350 587 0
587 1952 0
1952 587 0
587 2251 1
588 589 0
589 588 0
588 925 0
925 588 0
588 1006 1
588 1033 0
1033 588 0
588 1034 0
1034 588 0
588 1038 1
588 1041 0
1041 588 0
588 1043 0
1043 588 0
588 1111 0
1111 588 0
588 1112 0
1112 588 0
588 1113 0
1113 588 0
588 1114 0
1114 588 0
588 1117 0
1117 588 0
588 1122 0
1122 588 0
588 1350 0
1350 588 0
588 1442 1
588 1501 1
588 1509 1
588 1621 1
588 1624 1
588 1648 1
588 1767 1
588 1801 0
1801 588 0
588 1817 1
588 1952 0
1952 588 0
588 1966 1
588 1983 1
588 2043 1
588 2070 1
588 2138 1
588 2251 1
589 925 0
925 589 0
589 1033 0
1033 589 0
589 1034 0
1034 589 0
589 1114 0
1114 589 0
589 1117 0
1117 589 0
589 1122 0
1122 589 0
589 1629 0
1629 589 0
589 1952 0
1952 589 0
591 592 0
592 591 0
591 593 0
593 591 0
591 594 0
594 591 0
591 595 0
595 591 0
591 596 0
596 591 0
591 597 0
597 591 0
591 598 0
598 591 0
591 833 0
833 591 0
591 1001 2
591 1458 2
591 1505 0
1505 591 0
591 1664 1
591 2012 1
591 2093 0
2093 591 0
591 2096 2
591 2172 1
591 2208 0
2208 591 0
591 2267 1
592 1052 0
1052 592 0
593 593 0
593 593 0
593 752 0
752 593 0
593 874 0
874 593 0
593 1052 0
1052 593 0
593 1058 0
1058 593 0
593 2009 0
2009 593 0
594 874 0
874 594 0
594 1058 0
1058 594 0
594 1628 0
1628 594 0
595 595 0
595 595 0
595 598 0
598 595 0
595 818 2
595 857 0
857 595 0
595 858 0
858 595 0
595 859 0
859 595 0
595 860 0
860 595 0
595 861 0
861 595 0
595 985 2
595 1063 0
1063 595 0
595 1435 1
595 1569 0
1569 595 0
595 1679 1
595 1726 2
595 1932 0
1932 595 0
595 2290 0
2290 595 0
596 597 0
597 596 0
596 1052 0
1052 596 0
596 1484 2
596 2265 0
2265 596 0
597 875 0
875 597 0
597 985 2
597 1087 0
1087 597 0
597 2096 2
598 752 0
752 598 0
598 985 2
598 1599 1
620 874 0
874 620 0
622 823 2
622 827 2
622 867 0
867 622 0
622 874 0
874 622 0
622 1058 0
1058 622 0
625 867 0
867 625 0
625 874 0
874 625 0
625 1058 0
1058 625 0
625 1289 0
1289 625 0
626 874 0
874 626 0
628 627 1
664 627 1
1083 627 1
1113 627 1
1159 627 1
628 664 0
664 628 0
628 925 0
925 628 0
628 960 0
960 628 0
628 1004 2
628 1033 0
1033 628 0
628 1034 0
1034 628 0
628 1038 1
628 1100 2
628 1114 0
1114 628 0
628 1117 0
1117 628 0
628 1122 0
1122 628 0
628 1194 0
1194 628 0
628 1554 1
628 1912 0
1912 628 0
630 630 0
630 630 0
632 631 1
634 631 1
1114 631 1
632 632 0
632 632 0
632 633 2
632 634 0
634 632 0
632 1554 1
636 636 0
636 636 0
636 2155 0
2155 636 0
959 644 2
962 644 2
972 644 2
669 648 2
1180 648 2
651 727 0
727 651 0
651 1311 0
1311 651 0
651 1350 0
1350 651 0
651 1395 0
1395 651 0
651 1403 0
1403 651 0
849 661 1
664 664 0
664 664 0
664 665 1
664 666 0
666 664 0
664 667 0
667 664 0
664 668 0
668 664 0
664 669 0
669 664 0
1912 665 1
668 699 0
699 668 0
668 833 0
833 668 0
668 1281 1
669 699 0
699 669 0
669 1281 1
669 1817 1
670 670 0
670 670 0
1311 674 1
683 684 0
684 683 0
683 1443 1
683 2327 0
2327 683 0
684 684 0
684 684 0
684 727 0
727 684 0
684 1220 0
1220 684 0
685 685 0
685 685 0
685 686 0
686 685 0
686 2078 0
2078 686 0
686 2189 0
2189 686 0
693 693 0
693 693 0
693 1460 0
1460 693 0
693 1468 0
1468 693 0
694 694 0
694 694 0
694 695 0
695 694 0
694 696 0
696 694 0
699 697 2
699 699 0
699 699 0
699 934 1
699 1159 0
1159 699 0
699 1160 0
1160 699 0
699 1161 0
1161 699 0
699 1194 0
1194 699 0
699 1207 0
1207 699 0
699 2238 2
699 2316 0
2316 699 0
701 702 0
702 701 0
703 703 0
703 703 0
703 704 0
704 703 0
703 705 0
705 703 0
703 2143 0
2143 703 0
703 2204 0
2204 703 0
704 2318 1
705 2143 0
2143 705 0
705 2204 0
2204 705 0
1311 712 2
717 717 0
717 717 0
717 718 0
718 717 0
717 719 0
719 717 0
721 722 0
722 721 0
721 723 0
723 721 0
721 724 0
724 721 0
721 725 0
725 721 0
721 726 0
726 721 0
721 727 0
727 721 0
721 728 0
728 721 0
721 729 0
729 721 0
721 730 0
730 721 0
721 731 0
731 721 0
721 732 0
732 721 0
721 733 0
733 721 0
721 734 0
734 721 0
721 735 0
735 721 0
721 736 0
736 721 0
721 737 0
737 721 0
721 738 0
738 721 0
721 739 0
739 721 0
721 740 0
740 721 0
721 741 0
741 721 0
721 742 0
742 721 0
722 727 0
727 722 0
722 737 0
737 722 0
722 972 0
972 722 0
722 1068 0
1068 722 0
722 1194 0
1194 722 0
722 2304 0
2304 722 0
723 737 0
737 723 0
723 1068 0
1068 723 0
724 727 0
727 724 0
724 737 0
737 724 0
724 1068 0
1068 724 0
724 1236 0
1236 724 0
724 2308 1
725 737 0
737 725 0
725 1068 0
1068 725 0
725 2234 0
2234 725 0
726 727 0
727 726 0
726 737 0
737 726 0
726 1068 0
1068 726 0
727 727 0
727 727 0
727 729 0
729 727 0
727 730 0
730 727 0
727 731 0
731 727 0
727 732 0
732 727 0
727 733 0
733 727 0
727 734 0
734 727 0
727 736 0
736 727 0
727 737 0
737 727 0
727 738 0
738 727 0
727 739 0
739 727 0
727 740 0
740 727 0
727 741 0
741 727 0
727 743 0
743 727 0
727 744 0
744 727 0
727 745 0
745 727 0
727 746 0
746 727 0
727 747 0
747 727 0
727 748 0
748 727 0
727 1068 0
1068 727 0
728 737 0
737 728 0
728 1068 0
1068 728 0
729 737 0
737 729 0
729 1068 0
1068 729 0
730 737 0
737 730 0
730 1068 0
1068 730 0
730 1171 0
1171 730 0
730 1273 0
1273 730 0
730 1926 0
1926 730 0
730 1927 0
1927 730 0
731 737 0
737 731 0
731 1068 0
1068 731 0
732 737 0
737 732 0
732 1068 0
1068 732 0
732 1509 1
733 737 0
737 733 0
733 806 1
733 1053 0
1053 733 0
733 1068 0
1068 733 0
733 1236 0
1236 733 0
734 737 0
737 734 0
734 1068 0
1068 734 0
735 737 0
737 735 0
735 1068 0
1068 735 0
736 737 0
737 736 0
736 1068 0
1068 736 0
736 1236 0
1236 736 0
737 737 0
737 737 0
737 738 0
738 737 0
737 739 0
739 737 0
737 740 0
740 737 0
737 741 0
741 737 0
737 744 0
744 737 0
737 745 0
745 737 0
737 748 0
748 737 0
737 1084 0
1084 737 0
737 1232 0
1232 737 0
737 1236 0
1236 737 0
737 1237 0
1237 737 0
738 1068 0
1068 738 0
739 1068 0
1068 739 0
740 1068 0
1068 740 0
740 1201 1
741 1068 0
1068 741 0
744 748 0
748 744 0
744 811 0
811 744 0
744 1053 0
1053 744 0
744 1232 0
1232 744 0
744 1275 0
1275 744 0
745 1068 0
1068 745 0
746 1452 0
1452 746 0
748 748 0
748 748 0
748 752 0
752 748 0
748 811 0
811 748 0
748 1053 0
1053 748 0
748 1067 0
1067 748 0
748 1228 0
1228 748 0
748 1231 0
1231 748 0
748 1232 0
1232 748 0
748 1234 0
1234 748 0
748 1272 0
1272 748 0
748 1273 0
1273 748 0
748 1274 0
1274 748 0
748 1275 0
1275 748 0
748 1277 2
748 1278 0
1278 748 0
748 1326 0
1326 748 0
750 750 0
750 750 0
750 751 2
750 1041 0
1041 750 0
750 1496 1
750 2037 0
2037 750 0
752 752 0
752 752 0
752 811 0
811 752 0
752 941 1
752 1053 0
1053 752 0
753 753 0
753 753 0
753 754 0
754 753 0
753 755 0
755 753 0
753 756 0
756 753 0
753 757 0
757 753 0
753 758 0
758 753 0
753 759 0
759 753 0
753 760 0
760 753 0
753 761 0
761 753 0
753 762 0
762 753 0
753 763 0
763 753 0
753 764 0
764 753 0
753 765 0
765 753 0
753 766 0
766 753 0
753 767 0
767 753 0
753 768 0
768 753 0
753 769 0
769 753 0
753 770 0
770 753 0
753 771 0
771 753 0
753 772 0
772 753 0
753 773 0
773 753 0
753 774 0
774 753 0
754 765 0
765 754 0
754 767 0
767 754 0
756 765 0
765 756 0
756 767 0
767 756 0
758 765 0
765 758 0
758 767 0
767 758 0
758 1386 0
1386 758 0
759 765 0
765 759 0
759 767 0
767 759 0
760 767 0
767 760 0
761 767 0
767 761 0
762 765 0
765 762 0
762 767 0
767 762 0
763 765 0
765 763 0
763 767 0
767 763 0
764 765 0
765 764 0
764 767 0
767 764 0
765 765 0
765 765 0
765 766 0
766 765 0
765 767 0
767 765 0
765 771 0
771 765 0
765 772 0
772 765 0
765 773 0
773 765 0
765 774 0
774 765 0
765 820 0
820 765 0
766 767 0
767 766 0
767 768 0
768 767 0
767 770 0
770 767 0
767 771 0
771 767 0
767 772 0
772 767 0
767 773 0
773 767 0
767 814 0
814 767 0
767 815 2
767 816 0
816 767 0
767 817 0
817 767 0
767 818 2
767 819 0
819 767 0
767 820 0
820 767 0
767 821 2
767 822 2
768 1469 0
1469 768 0
788 775 1
1120 784 2
1181 784 2
1395 784 2
1498 784 2
1500 784 2
788 1068 0
1068 788 0
1350 791 1
1213 800 2
1145 802 1
811 806 1
811 811 0
811 811 0
811 824 1
811 1053 0
1053 811 0
811 1187 1
811 1227 0
1227 811 0
811 1230 0
1230 811 0
811 1267 0
1267 811 0
811 1268 0
1268 811 0
811 1272 0
1272 811 0
811 1273 0
1273 811 0
811 1275 0
1275 811 0
811 1326 0
1326 811 0
811 1379 0
1379 811 0
811 1581 1
811 1587 1
811 1678 1
811 2034 0
2034 811 0
1311 826 1
1350 826 1
2287 826 1
831 827 2
833 827 2
1041 830 2
831 833 0
833 831 0
831 1066 0
1066 831 0
833 833 0
833 833 0
833 858 0
858 833 0
833 904 0
904 833 0
833 929 2
833 1029 0
1029 833 0
833 1030 0
1030 833 0
833 1031 1
833 1032 0
1032 833 0
833 1545 1
833 1551 0
1551 833 0
833 1691 1
833 2060 0
2060 833 0
833 2146 0
2146 833 0
1066 836 1
1388 838 2
842 842 0
842 842 0
843 843 0
843 843 0
849 849 0
849 849 0
849 852 0
852 849 0
849 854 1
849 855 0
855 849 0
849 856 0
856 849 0
849 1063 0
1063 849 0
852 850 2
1063 850 2
1912 850 2
852 854 1
852 855 0
855 852 0
855 854 1
1067 854 1
1606 854 1
1641 854 1
1763 854 1
855 855 0
855 855 0
855 856 0
856 855 0
855 1100 2
855 2094 0
2094 855 0
857 1376 0
1376 857 0
860 1008 2
860 1063 0
1063 860 0
860 1376 0
1376 860 0
866 866 0
866 866 0
866 2091 0
2091 866 0
867 867 0
867 867 0
867 868 0
868 867 0
867 869 0
869 867 0
867 870 0
870 867 0
867 871 0
871 867 0
867 1171 0
1171 867 0
870 2208 0
2208 870 0
874 875 0
875 874 0
874 876 0
876 874 0
875 875 0
875 875 0
875 1070 0
1070 875 0
875 1071 0
1071 875 0
875 1087 0
1087 875 0
875 1088 0
1088 875 0
875 1089 0
1089 875 0
875 1090 0
1090 875 0
875 1091 0
1091 875 0
875 1092 0
1092 875 0
1180 877 1
1305 882 2
896 896 0
896 896 0
896 897 0
897 896 0
896 898 0
898 896 0
896 899 0
899 896 0
896 900 0
900 896 0
896 901 0
901 896 0
897 901 0
901 897 0
898 901 0
901 898 0
899 901 0
901 899 0
900 901 0
901 900 0
901 901 0
901 901 0
902 902 0
902 902 0
902 903 2
902 904 0
904 902 0
902 1137 2
904 973 0
973 904 0
904 1011 1
904 1131 0
1131 904 0
904 1174 0
1174 904 0
908 905 2
908 908 0
908 908 0
908 909 2
908 1374 0
1374 908 0
908 2135 0
2135 908 0
911 911 0
911 911 0
911 912 0
912 911 0
911 913 0
913 911 0
911 914 0
914 911 0
915 915 0
915 915 0
915 916 0
916 915 0
1376 921 2
922 922 0
922 922 0
922 923 0
923 922 0
925 1034 0
1034 925 0
925 1114 0
1114 925 0
925 1117 0
1117 925 0
925 1122 0
1122 925 0
925 1350 0
1350 925 0
925 1817 1
925 1952 0
1952 925 0
927 1181 0
1181 927 0
927 1912 0
1912 927 0
928 1386 0
1386 928 0
928 1396 0
1396 928 0
1276 934 1
945 945 0
945 945 0
946 946 0
946 946 0
946 947 0
947 946 0
946 948 0
948 946 0
946 949 0
949 946 0
946 950 0
950 946 0
947 2084 0
2084 947 0
951 952 0
952 951 0
951 953 0
953 951 0
951 954 0
954 951 0
951 955 0
955 951 0
951 956 0
956 951 0
951 957 0
957 951 0
951 958 0
958 951 0
959 960 0
960 959 0
959 966 0
966 959 0
959 972 0
972 959 0
959 1034 0
1034 959 0
960 960 0
960 960 0
960 962 0
962 960 0
960 963 0
963 960 0
960 964 0
964 960 0
960 966 0
966 960 0
960 967 0
967 960 0
960 972 0
972 960 0
960 978 0
978 960 0
960 979 0
979 960 0
960 1034 0
1034 960 0
961 966 0
966 961 0
961 1034 0
1034 961 0
961 1114 0
1114 961 0
962 966 0
966 962 0
962 972 0
972 962 0
962 1034 0
1034 962 0
963 966 0
966 963 0
963 972 0
972 963 0
963 1034 0
1034 963 0
963 1114 0
1114 963 0
963 1117 0
1117 963 0
964 972 0
972 964 0
964 1034 0
1034 964 0
965 966 0
966 965 0
965 972 0
972 965 0
965 1034 0
1034 965 0
965 1114 0
1114 965 0
966 967 0
967 966 0
966 968 0
968 966 0
966 970 0
970 966 0
966 972 0
972 966 0
966 1034 0
1034 966 0
966 1114 0
1114 966 0
966 1116 0
1116 966 0
966 1443 1
966 1618 1
966 2046 0
2046 966 0
966 2047 0
2047 966 0
967 972 0
972 967 0
967 1034 0
1034 967 0
967 1443 1
970 972 0
972 970 0
970 1554 1
972 972 0
972 972 0
972 978 0
978 972 0
972 1034 0
1034 972 0
972 1114 0
1114 972 0
972 1116 0
1116 972 0
972 1135 0
1135 972 0
973 973 0
973 973 0
973 974 0
974 973 0
973 975 0
975 973 0
973 1187 1
973 1434 2
973 1587 1
973 1618 1
973 1678 1
973 2045 2
974 974 0
974 974 0
974 975 0
975 974 0
974 1394 2
975 975 0
975 975 0
975 1457 0
1457 975 0
975 2084 0
2084 975 0
976 976 0
976 976 0
976 977 0
977 976 0
978 1175 0
1175 978 0
1311 982 1
984 984 0
984 984 0
984 985 2
984 986 0
986 984 0
984 1953 1
984 2220 0
2220 984 0
1112 995 1
1311 995 1
1043 1006 1
1607 1006 1
1012 1010 1
1012 1213 0
1213 1012 0
1015 1015 0
1015 1015 0
1498 1022 2
1033 1033 0
1033 1033 0
1033 1034 0
1034 1033 0
1033 1035 0
1035 1033 0
1033 1036 0
1036 1033 0
1033 1037 0
1037 1033 0
1033 1787 0
1787 1033 0
1033 1909 0
1909 1033 0
1034 1034 0
1034 1034 0
1034 1038 1
1034 1111 0
1111 1034 0
1034 1112 0
1112 1034 0
1034 1113 0
1113 1034 0
1034 1114 0
1114 1034 0
1034 1117 0
1117 1034 0
1034 1122 0
1122 1034 0
1034 1137 2
1034 1350 0
1350 1034 0
1034 1726 2
1034 1817 1
1034 1952 0
1952 1034 0
1037 2146 0
2146 1037 0
1041 1041 0
1041 1041 0
1041 1042 1
1041 1043 0
1043 1041 0
1041 1044 1
1041 1045 1
1041 1372 1
1350 1042 1
1043 1507 2
1043 1726 2
1043 1912 0
1912 1043 0
1043 1966 1
1043 2093 0
2093 1043 0
1043 2143 0
2143 1043 0
1043 2248 0
2248 1043 0
1043 2257 2
1131 1045 1
1046 1106 2
1047 1047 0
1047 1047 0
1047 1048 0
1048 1047 0
1047 1049 0
1049 1047 0
1048 1452 0
1452 1048 0
1049 1049 0
1049 1049 0
1052 1052 0
1052 1052 0
1052 1053 0
1053 1052 0
1052 1058 0
1058 1052 0
1053 1053 0
1053 1053 0
1053 1227 0
1227 1053 0
1053 1267 0
1267 1053 0
1053 1268 0
1268 1053 0
1053 1269 0
1269 1053 0
1053 1270 0
1270 1053 0
1053 1271 0
1271 1053 0
1053 1272 0
1272 1053 0
1053 1273 0
1273 1053 0
1053 1326 0
1326 1053 0
1053 1379 0
1379 1053 0
1056 1055 1
1058 1058 0
1058 1058 0
1062 1062 0
1062 1062 0
1063 1063 0
1063 1063 0
1063 1183 2
1063 1311 0
1311 1063 0
1063 1321 0
1321 1063 0
1063 1500 0
1500 1063 0
1063 1561 0
1561 1063 0
1063 1744 1
1063 1815 2
1063 1839 0
1839 1063 0
1063 2034 0
2034 1063 0
1063 2145 0
2145 1063 0
1063 2279 0
2279 1063 0
1063 2280 0
2280 1063 0
1063 2281 0
2281 1063 0
1063 2282 0
2282 1063 0
1063 2283 0
2283 1063 0
1063 2284 0
2284 1063 0
1063 2285 0
2285 1063 0
1064 1064 0
1064 1064 0
1066 1066 0
1066 1066 0
1066 1067 0
1067 1066 0
1067 1067 0
1067 1067 0
1069 1070 0
1070 1069 0
1069 1071 0
1071 1069 0
1069 1072 0
1072 1069 0
1069 1073 0
1073 1069 0
1069 1074 0
1074 1069 0
1069 1120 0
1120 1069 0
1070 1076 0
1076 1070 0
1070 1079 0
1079 1070 0
1070 1087 0
1087 1070 0
1071 1076 0
1076 1071 0
1071 1078 0
1078 1071 0
1071 1079 0
1079 1071 0
1071 1087 0
1087 1071 0
1071 1563 0
1563 1071 0
1072 1078 0
1078 1072 0
1072 1087 0
1087 1072 0
1072 1563 0
1563 1072 0
1073 1087 0
1087 1073 0
1073 1429 0
1429 1073 0
1073 1849 0
1849 1073 0
1076 1076 0
1076 1076 0
1076 1077 0
1077 1076 0
1076 1078 0
1078 1076 0
1076 1079 0
1079 1076 0
1076 1080 0
1080 1076 0
1076 1081 0
1081 1076 0
1076 1082 0
1082 1076 0
1076 1083 0
1083 1076 0
1076 1563 0
1563 1076 0
1076 2138 1
1076 2224 0
2224 1076 0
1077 1078 0
1078 1077 0
1077 1079 0
1079 1077 0
1078 1079 0
1079 1078 0
1078 1080 0
1080 1078 0
1078 1083 0
1083 1078 0
1078 1084 0
1084 1078 0
1078 1086 0
1086 1078 0
1078 2224 0
2224 1078 0
1079 1079 0
1079 1079 0
1079 1080 0
1080 1079 0
1079 1081 0
1081 1079 0
1079 1083 0
1083 1079 0
1079 1084 0
1084 1079 0
1079 1085 0
1085 1079 0
1080 1429 0
1429 1080 0
1081 2224 0
2224 1081 0
1084 1275 0
1275 1084 0
1084 1563 0
1563 1084 0
1084 2224 0
2224 1084 0
1086 1181 0
1181 1086 0
1086 1326 0
1326 1086 0
1086 2257 2
1087 1087 0
1087 1087 0
1087 1088 0
1088 1087 0
1087 1089 0
1089 1087 0
1093 1974 1
1096 1171 0
1171 1096 0
1098 1171 0
1171 1098 0
1111 1114 0
1114 1111 0
1111 1122 0
1122 1111 0
1111 1606 0
1606 1111 0
1111 1817 1
1111 1900 1
1111 1952 0
1952 1111 0
1112 1952 0
1952 1112 0
1113 1114 0
1114 1113 0
1113 1117 0
1117 1113 0
1113 1122 0
1122 1113 0
1113 1629 0
1629 1113 0
1113 1952 0
1952 1113 0
1113 1972 1
1114 1114 0
1114 1114 0
1114 1115 0
1115 1114 0
1114 1116 0
1116 1114 0
1114 1117 0
1117 1114 0
1114 1122 0
1122 1114 0
1114 1124 0
1124 1114 0
1114 1640 0
1640 1114 0
1114 1767 1
1114 1817 1
1114 1952 0
1952 1114 0
1114 1983 1
1114 2193 1
1114 2251 1
1115 1952 0
1952 1115 0
1116 2114 1
1117 1117 0
1117 1117 0
1120 2265 0
2265 1120 0
1120 2308 1
1122 1123 0
1123 1122 0
1122 1817 1
1122 1952 0
1952 1122 0
1122 1983 1
1123 1421 0
1421 1123 0
1124 1124 0
1124 1124 0
1124 1125 0
1125 1124 0
1124 1126 0
1126 1124 0
1124 1127 0
1127 1124 0
1124 1128 0
1128 1124 0
1131 1131 0
1131 1131 0
1135 1175 0
1175 1135 0
2093 1136 1
1144 1144 0
1144 1144 0
1144 1177 0
1177 1144 0
1144 1208 0
1208 1144 0
1144 1520 0
1520 1144 0
1144 1584 0
1584 1144 0
1144 1718 0
1718 1144 0
1144 1719 1
1144 1720 0
1720 1144 0
1144 1721 1
1144 1722 0
1722 1144 0
1144 1723 0
1723 1144 0
1144 1724 0
1724 1144 0
1145 1376 0
1376 1145 0
1159 2135 0
2135 1159 0
1161 1161 0
1161 1161 0
1161 1905 1
1162 1162 0
1162 1162 0
1162 1163 0
1163 1162 0
1162 1164 0
1164 1162 0
1167 1167 0
1167 1167 0
1170 1170 0
1170 1170 0
1171 1171 0
1171 1171 0
1171 1415 0
1415 1171 0
1171 1416 0
1416 1171 0
1174 1174 0
1174 1174 0
1174 1175 0
1175 1174 0
1174 1176 1
1174 1177 0
1177 1174 0
1175 1739 1
1175 2334 1
1177 1714 2
1178 1178 0
1178 1178 0
1178 1443 1
1178 1870 1
1178 1910 0
1910 1178 0
1178 1966 1
1180 1936 0
1936 1180 0
1180 2153 0
2153 1180 0
1181 1271 0
1271 1181 0
1181 1509 1
1181 1874 0
1874 1181 0
1181 1936 0
1936 1181 0
1181 1937 0
1937 1181 0
1181 1938 2
1182 1208 0
1208 1182 0
2290 1187 1
1950 1192 1
1194 1194 0
1194 1194 0
1194 1443 1
1194 2135 0
2135 1194 0
1195 1195 0
1195 1195 0
1195 1196 0
1196 1195 0
1197 1197 0
1197 1197 0
1197 1198 0
1198 1197 0
1197 1199 0
1199 1197 0
1198 1368 0
1368 1198 0
1199 1350 0
1350 1199 0
1199 1368 0
1368 1199 0
1207 1207 0
1207 1207 0
1207 1208 0
1208 1207 0
1207 1209 0
1209 1207 0
1207 1210 0
1210 1207 0
1207 1211 0
1211 1207 0
1207 1212 0
1212 1207 0
1207 1548 1
1207 1615 1
1207 1646 0
1646 1207 0
1207 1831 1
1207 2079 0
2079 1207 0
1207 2103 0
2103 1207 0
1207 2119 0
2119 1207 0
1208 1208 0
1208 1208 0
1208 1209 0
1209 1208 0
1208 1210 0
1210 1208 0
1208 1211 0
1211 1208 0
1208 1212 0
1212 1208 0
1208 1478 1
1208 1518 1
1208 1803 2
1208 2119 0
2119 1208 0
1208 2121 0
2121 1208 0
1210 1212 0
1212 1210 0
1210 1587 1
1210 1739 1
1211 1443 1
1212 1569 0
1569 1212 0
1213 1213 0
1213 1213 0
1213 1214 0
1214 1213 0
1213 1215 0
1215 1213 0
1213 1216 0
1216 1213 0
1213 1217 0
1217 1213 0
1213 1412 2
1218 1218 0
1218 1218 0
1218 1219 0
1219 1218 0
1220 1220 0
1220 1220 0
1227 1273 0
1273 1227 0
1227 1275 0
1275 1227 0
1229 1232 0
1232 1229 0
1229 2334 1
1232 1233 0
1233 1232 0
1232 1234 0
1234 1232 0
1232 1275 0
1275 1232 0
1232 1517 2
1233 2164 0
2164 1233 0
1235 1275 0
1275 1235 0
1236 1680 1
1238 1238 0
1238 1238 0
1238 1239 0
1239 1238 0
1267 1273 0
1273 1267 0
1268 1273 0
1273 1268 0
1268 1326 0
1326 1268 0
1271 1273 0
1273 1271 0
1272 1273 0
1273 1272 0
1272 1275 0
1275 1272 0
1273 1274 0
1274 1273 0
1273 1275 0
1275 1273 0
1275 1276 0
1276 1275 0
1276 1321 0
1321 1276 0
1276 1666 1
1276 1667 2
1276 1968 0
1968 1276 0
1276 2206 0
2206 1276 0
1279 1279 0
1279 1279 0
1279 1280 0
1280 1279 0
1289 1289 0
1289 1289 0
1289 1290 0
1290 1289 0
1289 1291 0
1291 1289 0
1289 1292 0
1292 1289 0
1289 1293 0
1293 1289 0
1292 2078 0
2078 1292 0
1299 1299 0
1299 1299 0
1299 1300 0
1300 1299 0
1301 1301 0
1301 1301 0
1301 1302 0
1302 1301 0
1311 1311 0
1311 1311 0
1311 1312 0
1312 1311 0
1311 1313 0
1313 1311 0
1311 1314 2
1311 1315 0
1315 1311 0
1311 1316 0
1316 1311 0
1311 1317 0
1317 1311 0
1311 1318 0
1318 1311 0
1311 1319 0
1319 1311 0
1311 1320 0
1320 1311 0
1311 1321 0
1321 1311 0
1311 1443 1
1311 1508 2
1311 1912 0
1912 1311 0
1311 1934 1
1311 2251 1
1311 2261 2
1311 2308 1
1318 1318 0
1318 1318 0
1321 1787 0
1787 1321 0
1326 1326 0
1326 1326 0
1326 1327 0
1327 1326 0
1332 1332 0
1332 1332 0
1332 1333 0
1333 1332 0
1333 1801 0
1801 1333 0
1346 1337 1
1607 1337 1
2189 1337 1
2290 1337 1
2084 1345 1
1346 1346 0
1346 1346 0
1346 1459 0
1459 1346 0
1350 1350 0
1350 1350 0
1350 1351 0
1351 1350 0
1350 1554 1
1350 1582 2
1350 1983 1
1350 2220 0
2220 1350 0
1360 1360 0
1360 1360 0
1360 1361 0
1361 1360 0
1361 1361 0
1361 1361 0
1364 1364 0
1364 1364 0
1364 1365 0
1365 1364 0
1364 1366 0
1366 1364 0
1368 1368 0
1368 1368 0
1368 1369 0
1369 1368 0
1368 1370 0
1370 1368 0
1368 1371 0
1371 1368 0
1961 1375 2
1376 1377 1
1376 1378 1
1628 1377 1
1646 1377 1
2146 1377 1
1379 1379 0
1379 1379 0
1381 1381 0
1381 1381 0
1381 1382 0
1382 1381 0
1381 1383 0
1383 1381 0
1381 1384 0
1384 1381 0
1384 2220 0
2220 1384 0
1386 1386 0
1386 1386 0
1386 1387 0
1387 1386 0
1386 1388 0
1388 1386 0
1386 1389 0
1389 1386 0
1386 1390 0
1390 1386 0
1386 1391 0
1391 1386 0
1386 1646 0
1646 1386 0
1387 1388 0
1388 1387 0
1388 1388 0
1388 1388 0
1388 1389 0
1389 1388 0
1388 1390 0
1390 1388 0
1388 1767 1
1388 1828 2
1388 1848 0
1848 1388 0
1388 1960 2
1388 1961 0
1961 1388 0
1389 1390 0
1390 1389 0
1395 1395 0
1395 1395 0
1396 1396 0
1396 1396 0
1396 1877 0
1877 1396 0
1403 1403 0
1403 1403 0
1405 1405 0
1405 1405 0
1406 1406 0
1406 1406 0
1408 1408 0
1408 1408 0
1410 1410 0
1410 1410 0
1421 1421 0
1421 1421 0
1426 1426 0
1426 1426 0
1429 1429 0
1429 1429 0
1437 1437 0
1437 1437 0
1437 1438 0
1438 1437 0
1439 1439 0
1439 1439 0
1439 1912 0
1912 1439 0
1520 1442 1
1551 1443 1
1445 1445 0
1445 1445 0
1452 1452 0
1452 1452 0
1452 1453 0
1453 1452 0
1452 1454 0
1454 1452 0
1452 1455 0
1455 1452 0
1452 1456 0
1456 1452 0
1456 2071 0
2071 1456 0
1460 1460 0
1460 1460 0
1460 1461 0
1461 1460 0
1460 1462 0
1462 1460 0
1463 1463 0
1463 1463 0
1468 1468 0
1468 1468 0
1469 1469 0
1469 1469 0
1471 1471 0
1471 1471 0
1471 1787 0
1787 1471 0
1474 1474 0
1474 1474 0
1849 1478 1
1931 1478 1
1607 1486 2
1931 1487 1
1849 1495 2
1498 2078 0
2078 1498 0
1498 2225 0
2225 1498 0
1498 2307 1
1500 1972 1
1500 2138 1
1565 1501 1
1912 1501 1
1503 1504 0
1504 1503 0
1505 1506 0
1506 1505 0
1505 1912 0
1912 1505 0
1506 1931 0
1931 1506 0
1506 2254 0
2254 1506 0
1563 1516 1
1628 1516 1
1520 1629 0
1629 1520 0
1520 1726 2
1520 1805 1
1520 1896 1
1520 1900 1
1520 2238 2
1523 2127 0
2127 1523 0
1912 1525 1
2224 1532 2
1537 1568 1
1537 1724 0
1724 1537 0
1541 1680 1
1544 1680 1
1549 1714 2
1551 1607 0
1607 1551 0
1551 2022 1
1563 1554 1
1646 1554 1
2126 1557 1
2208 1557 1
1558 2048 2
1560 1561 0
1561 1560 0
1560 1562 1
1560 1563 0
1563 1560 0
1560 1564 1
1563 1647 1
1563 1721 1
1563 1950 0
1950 1563 0
1563 1996 0
1996 1563 0
1563 1997 0
1997 1563 0
1563 1998 0
1998 1563 0
1563 1999 0
1999 1563 0
1565 1566 0
1566 1565 0
1565 1868 0
1868 1565 0
1912 1577 1
1583 1582 2
1583 1607 0
1607 1583 0
1583 2202 1
1583 2299 1
1827 1593 1
1866 1602 1
2078 1605 1
1606 1616 1
1606 1639 0
1639 1606 0
1606 2078 0
2078 1606 0
1606 2084 0
2084 1606 0
1607 1608 0
1608 1607 0
1607 1609 0
1609 1607 0
1607 1610 1
1607 1611 0
1611 1607 0
1607 1612 0
1612 1607 0
1607 1915 2
1607 1962 2
1608 1931 0
1931 1608 0
2220 1615 1
1912 1616 1
1629 1624 1
2248 1624 1
1628 1629 0
1629 1628 0
1628 1630 2
1628 1939 0
1939 1628 0
1629 1646 0
1646 1629 0
1629 1665 1
1629 1939 0
1939 1629 0
1629 1940 0
1940 1629 0
1633 1634 0
1634 1633 0
2143 1638 2
1639 1640 0
1640 1639 0
1639 1641 0
1641 1639 0
1640 2078 0
2078 1640 0
1641 2333 0
2333 1641 0
1646 1664 1
1646 1726 2
1646 1729 0
1729 1646 0
1646 1787 0
1787 1646 0
1646 1910 0
1910 1646 0
1646 1912 0
1912 1646 0
1646 1925 1
1646 1944 1
1646 2060 0
2060 1646 0
1646 2127 0
2127 1646 0
1646 2257 2
1646 2267 1
1646 2308 1
1910 1665 1
1932 1665 1
1910 1666 1
1912 1666 1
1877 1669 2
2290 1678 1
1718 1912 0
1912 1718 0
1720 1764 0
1764 1720 0
1720 2084 0
2084 1720 0
1724 1743 0
1743 1724 0
1747 1748 0
1748 1747 0
1747 1749 0
1749 1747 0
1763 1764 0
1764 1763 0
1912 1767 1
1952 1767 1
1849 1776 1
1787 1979 0
1979 1787 0
1787 1980 0
1980 1787 0
1822 1817 1
1839 1838 2
1846 1847 0
1847 1846 0
1846 1848 0
1848 1846 0
1847 2223 2
1847 2276 0
2276 1847 0
1849 1850 0
1850 1849 0
1849 1851 0
1851 1849 0
1851 2251 1
1866 1867 0
1867 1866 0
1877 1878 0
1878 1877 0
1877 1879 0
1879 1877 0
1881 1880 1
1950 1886 1
1950 1900 1
1996 1900 1
1910 1911 0
1911 1910 0
1910 1912 0
1912 1910 0
1910 1913 0
1913 1910 0
1910 1914 0
1914 1910 0
1912 1945 1
1912 2176 0
2176 1912 0
1912 2177 0
2177 1912 0
1912 2178 0
2178 1912 0
1912 2179 0
2179 1912 0
1912 2180 0
2180 1912 0
1912 2181 0
2181 1912 0
1912 2182 0
2182 1912 0
1950 1948 1
1950 1960 2
1950 2015 0
2015 1950 0
1950 2090 1
1950 2143 0
2143 1950 0
1950 2220 0
2220 1950 0
1950 2357 0
2357 1950 0
2146 1963 2
2078 1966 1
2078 1971 1
2001 2189 0
2189 2001 0
2001 2290 0
2290 2001 0
2084 2011 2
2046 2069 0
2069 2046 0
2060 2205 0
2205 2060 0
2143 2065 1
2071 2070 1
2078 2079 0
2079 2078 0
2078 2080 0
2080 2078 0
2084 2085 0
2085 2084 0
2119 2120 0
2120 2119 0
2119 2121 0
2121 2119 0
2120 2264 1
2126 2127 0
2127 2126 0
2126 2128 0
2128 2126 0
2127 2226 0
2226 2127 0
2135 2136 0
2136 2135 0
2142 2143 0
2143 2142 0
2142 2146 0
2146 2142 0
2143 2312 0
2312 2143 0
2145 2144 2
2150 2151 0
2151 2150 0
2164 2165 0
2165 2164 0
2164 2166 0
2166 2164 0
2164 2167 0
2167 2164 0
2176 2323 0
2323 2176 0
2189 2190 0
2190 2189 0
2206 2207 0
2207 2206 0
2220 2239 0
2239 2220 0
2254 2255 0
2255 2254 0
2297 2298 0
2298 2297 0
2323 2324 0
2324 2323 0
2323 2325 0
2325 2323 0
2338 2339 0
2339 2338 0
