0 17 0
0 19 1
19 0 1
0 36 1
36 0 1
0 54 1
54 0 1
0 57 1
57 0 1
9 1 0
87 1 0
16 2 0
3 9 1
9 3 1
3 42 1
42 3 1
3 18 0
3 54 1
54 3 1
3 56 1
56 3 1
3 92 1
92 3 1
3 62 1
62 3 1
4 5 1
5 4 1
4 50 1
50 4 1
4 19 1
19 4 1
4 52 0
4 54 1
54 4 1
4 31 1
31 4 1
5 20 1
20 5 1
42 6 0
9 65 1
65 9 1
9 57 1
57 9 1
9 25 0
9 92 1
92 9 1
69 11 0
66 11 0
89 11 0
27 11 0
12 65 1
65 12 1
12 78 1
78 12 1
79 13 0
14 57 1
57 14 1
50 15 0
16 71 0
16 42 1
42 16 1
16 66 1
66 16 1
16 50 1
50 16 1
16 85 1
85 16 1
16 61 1
61 16 1
93 17 0
19 52 0
19 36 1
36 19 1
20 72 1
72 20 1
20 76 1
76 20 1
20 84 1
84 20 1
20 22 1
22 20 1
20 92 1
92 20 1
22 24 1
24 22 1
22 90 1
90 22 1
22 39 1
39 22 1
22 31 1
31 22 1
26 23 0
94 23 0
24 65 1
65 24 1
24 90 1
90 24 1
24 85 1
85 24 1
37 25 0
26 57 1
57 26 1
26 27 1
27 26 1
26 37 1
37 26 1
27 78 1
78 27 1
30 72 1
72 30 1
30 90 1
90 30 1
30 36 1
36 30 1
30 45 1
45 30 1
31 45 1
45 31 1
31 93 1
93 31 1
38 32 0
42 34 0
36 34 0
37 92 1
92 37 1
37 53 0
37 87 1
87 37 1
38 56 1
56 38 1
38 46 0
38 87 1
87 38 1
39 55 0
42 64 0
42 96 1
96 42 1
42 76 1
76 42 1
42 56 1
56 42 1
42 93 1
93 42 1
43 65 1
65 43 1
43 84 1
84 43 1
43 94 1
94 43 1
93 44 0
45 85 1
85 45 1
91 47 0
85 48 0
93 48 0
50 79 1
79 50 1
54 97 0
57 96 1
96 57 1
57 80 1
80 57 1
57 90 1
90 57 1
57 91 1
91 57 1
72 59 0
62 60 0
61 70 1
70 61 1
61 87 1
87 61 1
62 70 1
70 62 1
65 84 1
84 65 1
69 79 1
79 69 1
69 84 1
84 69 1
69 95 1
95 69 1
72 89 1
89 72 1
76 92 1
92 76 1
78 89 1
89 78 1
78 83 0
79 80 1
80 79 1
79 90 1
90 79 1
79 92 1
92 79 1
80 93 1
93 80 1
87 86 0
95 86 0
87 91 1
91 87 1
90 91 1
91 90 1
90 93 1
93 90 1
91 96 1
96 91 1
94 95 1
95 94 1
