9
10
11
12
29
30
32
33
34
35
36
37
38
46
50
60
61
62
64
65
67
78
79
80
81
83
84
88
89
93
94
95
96
97
98
99
100
101
102
103
106
115
116
117
118
119
120
121
122
123
124
125
126
127
128
129
130
131
132
133
134
135
136
137
138
141
147
148
156
162
163
164
165
166
167
168
169
171
172
203
207
226
228
234
237
239
240
241
242
243
244
245
246
247
248
249
250
251
252
253
272
273
274
275
277
278
279
280
281
282
284
285
286
287
288
289
290
291
292
293
294
295
299
301
302
305
306
307
308
315
316
317
318
320
326
327
330
331
332
333
335
337
338
339
340
341
342
343
344
345
346
347
348
349
357
358
360
361
362
363
364
376
377
378
379
380
381
382
383
384
385
386
387
388
399
401
405
406
407
408
409
410
416
417
418
419
420
421
422
423
424
425
427
428
429
430
431
432
433
434
442
443
444
445
450
451
452
453
454
455
456
457
458
459
460
473
474
475
476
477
480
481
482
490
491
492
507
513
514
515
516
518
519
521
522
525
526
528
529
530
531
532
533
534
536
540
543
544
545
546
547
548
549
551
552
553
554
555
556
557
559
560
561
562
563
564
565
567
568
572
573
590
599
600
602
603
604
605
606
607
608
609
610
616
617
618
619
633
635
637
638
640
641
642
643
644
645
646
647
648
649
650
652
653
654
655
656
657
658
660
697
698
700
706
707
708
709
710
711
712
713
715
720
749
751
784
793
799
800
815
818
821
822
823
825
827
828
829
830
832
834
835
837
838
840
841
846
847
848
850
862
863
864
865
872
873
879
880
881
882
883
884
885
886
895
903
905
906
907
909
910
917
918
919
920
921
924
926
929
930
931
932
933
942
943
981
985
994
996
997
998
999
1000
1001
1002
1003
1004
1005
1007
1008
1009
1014
1016
1017
1018
1019
1020
1021
1022
1023
1024
1026
1027
1028
1050
1051
1061
1065
1099
1100
1101
1102
1103
1104
1105
1106
1107
1108
1109
1121
1129
1130
1132
1133
1134
1137
1138
1140
1141
1142
1143
1146
1147
1148
1149
1150
1151
1153
1154
1155
1156
1157
1158
1165
1168
1169
1183
1206
1221
1222
1224
1225
1226
1240
1241
1242
1243
1244
1245
1247
1248
1249
1250
1254
1256
1259
1260
1264
1265
1266
1277
1288
1296
1297
1298
1314
1322
1325
1335
1341
1347
1348
1349
1362
1363
1375
1385
1394
1397
1399
1400
1401
1402
1407
1409
1411
1412
1413
1414
1420
1422
1423
1424
1425
1427
1428
1430
1431
1433
1434
1436
1440
1441
1446
1447
1448
1450
1451
1458
1464
1465
1466
1467
1470
1472
1473
1481
1482
1483
1484
1485
1486
1488
1490
1492
1494
1495
1497
1499
1507
1508
1510
1511
1517
1527
1528
1529
1530
1531
1532
1533
1535
1536
1538
1539
1540
1555
1570
1571
1572
1582
1626
1630
1638
1645
1663
1667
1668
1669
1670
1694
1704
1705
1706
1714
1715
1716
1717
1725
1726
1730
1740
1741
1742
1755
1757
1758
1759
1765
1766
1768
1771
1772
1773
1774
1785
1786
1793
1794
1796
1797
1798
1799
1800
1803
1808
1812
1813
1814
1815
1825
1826
1828
1829
1830
1838
1840
1857
1875
1884
1915
1916
1917
1918
1919
1920
1928
1929
1930
1933
1935
1938
1942
1943
1957
1958
1959
1960
1962
1963
1964
1965
1967
1969
1970
1978
1981
1982
1989
1994
1995
2000
2002
2006
2007
2010
2011
2016
2017
2019
2020
2021
2030
2031
2032
2033
2038
2039
2040
2041
2042
2044
2045
2048
2049
2050
2051
2052
2055
2058
2059
2073
2074
2075
2076
2077
2081
2086
2087
2096
2097
2098
2099
2104
2105
2106
2107
2108
2109
2110
2111
2112
2129
2130
2131
2132
2133
2134
2144
2157
2158
2159
2160
2168
2188
2191
2192
2195
2196
2197
2198
2199
2200
2209
2210
2211
2212
2213
2214
2215
2216
2217
2218
2219
2221
2222
2223
2227
2228
2229
2230
2238
2247
2257
2258
2259
2261
2262
2263
2272
2278
2291
2292
2293
2313
2314
2317
2319
2320
2322
2326
2329
2330
2331
2351
2352
2353
2354
