4
5
6
7
13
14
16
17
18
19
24
25
26
27
28
31
40
41
42
43
51
52
53
54
55
56
57
58
59
66
74
77
82
86
87
139
140
142
143
144
145
146
149
150
151
152
153
154
155
157
158
159
160
161
170
184
194
195
196
197
198
199
200
201
209
210
215
216
222
227
229
230
235
238
254
255
256
257
258
259
260
261
262
263
264
265
266
267
268
269
270
271
283
314
319
321
322
323
324
325
328
329
334
336
365
366
367
368
369
370
371
372
373
374
392
395
426
446
469
472
478
479
483
484
493
494
496
497
498
499
500
501
502
503
504
505
506
508
509
511
517
523
524
537
538
539
541
550
569
570
571
575
576
577
578
579
601
611
612
613
614
615
627
629
631
639
659
661
662
663
665
671
672
673
674
675
676
677
678
679
680
681
682
687
688
689
690
691
714
716
775
776
777
778
779
780
781
782
783
785
786
787
789
790
791
792
794
795
796
797
798
801
802
803
804
805
806
807
808
809
810
812
813
824
826
836
839
844
845
853
854
877
878
887
888
889
890
891
892
893
894
934
935
936
937
938
939
940
941
944
980
982
983
987
988
989
990
991
992
993
995
1006
1010
1011
1013
1025
1031
1038
1039
1040
1042
1044
1045
1054
1055
1059
1060
1110
1136
1139
1152
1166
1172
1176
1179
1184
1185
1186
1187
1188
1189
1190
1191
1192
1193
1200
1201
1202
1203
1204
1205
1223
1251
1253
1255
1257
1258
1261
1262
1263
1281
1282
1283
1284
1285
1286
1287
1294
1295
1303
1304
1308
1309
1310
1323
1324
1328
1329
1330
1331
1334
1336
1337
1338
1339
1340
1342
1343
1344
1345
1352
1353
1354
1355
1356
1357
1358
1359
1367
1372
1373
1377
1378
1380
1392
1393
1398
1404
1417
1418
1419
1432
1435
1442
1443
1444
1449
1475
1476
1477
1478
1479
1480
1487
1489
1491
1493
1496
1501
1502
1509
1512
1513
1514
1515
1516
1518
1519
1521
1522
1524
1525
1526
1534
1542
1545
1546
1548
1550
1554
1557
1559
1562
1564
1567
1568
1573
1574
1575
1576
1577
1578
1579
1580
1581
1585
1586
1587
1588
1589
1590
1591
1592
1593
1594
1595
1596
1597
1598
1599
1600
1601
1602
1603
1604
1605
1610
1613
1614
1615
1616
1617
1618
1619
1620
1621
1622
1623
1624
1625
1627
1631
1632
1635
1636
1637
1642
1643
1644
1647
1648
1649
1650
1651
1652
1653
1654
1655
1656
1657
1658
1659
1660
1661
1662
1664
1665
1666
1671
1672
1673
1674
1675
1676
1677
1678
1679
1680
1681
1682
1683
1684
1685
1686
1687
1688
1689
1690
1691
1692
1693
1695
1696
1697
1698
1699
1700
1701
1702
1703
1707
1708
1709
1710
1711
1712
1713
1719
1721
1727
1728
1731
1732
1733
1734
1735
1736
1737
1738
1739
1744
1745
1746
1750
1751
1752
1753
1754
1756
1760
1761
1762
1767
1769
1770
1775
1776
1777
1778
1779
1780
1781
1782
1783
1784
1788
1789
1790
1791
1792
1795
1802
1804
1805
1806
1807
1809
1810
1811
1816
1817
1818
1819
1820
1821
1823
1824
1831
1832
1833
1834
1835
1836
1837
1841
1842
1843
1844
1845
1852
1853
1854
1855
1856
1858
1859
1860
1861
1862
1863
1864
1865
1869
1870
1871
1872
1873
1876
1880
1882
1883
1885
1886
1887
1888
1889
1890
1891
1892
1893
1894
1895
1896
1897
1898
1899
1900
1901
1902
1903
1904
1905
1906
1907
1908
1921
1922
1923
1924
1925
1934
1941
1944
1945
1946
1947
1948
1949
1951
1953
1954
1955
1956
1966
1971
1972
1973
1974
1975
1976
1977
1983
1984
1985
1986
1987
1988
1990
1991
1992
1993
2003
2004
2005
2008
2012
2013
2014
2018
2022
2023
2024
2025
2026
2027
2028
2029
2035
2036
2043
2053
2054
2056
2057
2061
2062
2063
2064
2065
2066
2067
2068
2070
2083
2088
2089
2090
2092
2095
2100
2101
2102
2113
2114
2115
2116
2117
2118
2122
2123
2124
2125
2137
2138
2139
2140
2141
2147
2148
2149
2152
2154
2156
2161
2162
2163
2169
2170
2171
2172
2173
2174
2175
2183
2185
2193
2194
2201
2202
2203
2231
2232
2233
2235
2236
2237
2249
2250
2251
2252
2253
2256
2260
2264
2266
2267
2268
2269
2270
2271
2273
2274
2275
2277
2286
2288
2289
2294
2295
2296
2299
2300
2301
2302
2303
2305
2306
2307
2308
2309
2310
2311
2315
2318
2321
2328
2334
2336
2337
2340
2341
2342
2343
2344
2345
2355
2358
2359
2360
2361