1
2
3
8
15
20
21
22
23
39
44
45
47
48
49
63
68
69
70
71
72
73
75
76
85
90
91
92
104
105
107
108
109
110
111
112
113
114
173
174
175
176
177
178
179
180
181
182
183
185
186
187
188
189
190
191
192
193
202
204
205
206
208
211
212
213
214
217
218
219
220
221
223
224
225
231
232
233
236
276
296
297
298
300
303
304
309
310
311
312
313
350
351
352
353
354
355
356
359
375
389
390
391
393
394
396
397
398
400
402
403
404
411
412
413
414
415
435
436
437
438
439
440
441
447
448
449
461
462
463
464
465
466
467
468
470
471
485
486
487
488
489
495
510
512
520
527
535
542
558
566
574
580
581
582
583
584
585
586
587
588
589
591
592
593
594
595
596
597
598
620
621
622
623
624
625
626
628
630
632
634
636
651
664
666
667
668
669
670
683
684
685
686
692
693
694
695
696
699
701
702
703
704
705
717
718
719
721
722
723
724
725
726
727
728
729
730
731
732
733
734
735
736
737
738
739
740
741
742
743
744
745
746
747
748
750
752
753
754
755
756
757
758
759
760
761
762
763
764
765
766
767
768
769
770
771
772
773
774
788
811
814
816
817
819
820
831
833
842
843
849
851
852
855
856
857
858
859
860
861
866
867
868
869
870
871
874
875
876
896
897
898
899
900
901
902
904
908
911
912
913
914
915
916
922
923
925
927
928
945
946
947
948
949
950
951
952
953
954
955
956
957
958
959
960
961
962
963
964
965
966
967
968
969
970
971
972
973
974
975
976
977
978
979
984
986
1012
1015
1029
1030
1032
1033
1034
1035
1036
1037
1041
1043
1046
1047
1048
1049
1052
1053
1056
1057
1058
1062
1063
1064
1066
1067
1068
1069
1070
1071
1072
1073
1074
1075
1076
1077
1078
1079
1080
1081
1082
1083
1084
1085
1086
1087
1088
1089
1090
1091
1092
1093
1094
1095
1096
1097
1098
1111
1112
1113
1114
1115
1116
1117
1118
1119
1120
1122
1123
1124
1125
1126
1127
1128
1131
1135
1144
1145
1159
1160
1161
1162
1163
1164
1167
1170
1171
1173
1174
1175
1177
1178
1180
1181
1182
1194
1195
1196
1197
1198
1199
1207
1208
1209
1210
1211
1212
1213
1214
1215
1216
1217
1218
1219
1220
1227
1228
1229
1230
1231
1232
1233
1234
1235
1236
1237
1238
1239
1246
1252
1267
1268
1269
1270
1271
1272
1273
1274
1275
1276
1278
1279
1280
1289
1290
1291
1292
1293
1299
1300
1301
1302
1305
1306
1307
1311
1312
1313
1315
1316
1317
1318
1319
1320
1321
1326
1327
1332
1333
1346
1350
1351
1360
1361
1364
1365
1366
1368
1369
1370
1371
1374
1376
1379
1381
1382
1383
1384
1386
1387
1388
1389
1390
1391
1395
1396
1403
1405
1406
1408
1410
1415
1416
1421
1426
1429
1437
1438
1439
1445
1452
1453
1454
1455
1456
1457
1459
1460
1461
1462
1463
1468
1469
1471
1474
1498
1500
1503
1504
1505
1506
1520
1523
1537
1541
1543
1544
1547
1549
1551
1552
1553
1556
1558
1560
1561
1563
1565
1566
1569
1583
1584
1606
1607
1608
1609
1611
1612
1628
1629
1633
1634
1639
1640
1641
1646
1718
1720
1722
1723
1724
1729
1743
1747
1748
1749
1763
1764
1787
1801
1822
1827
1839
1846
1847
1848
1849
1850
1851
1866
1867
1868
1874
1877
1878
1879
1881
1909
1910
1911
1912
1913
1914
1926
1927
1931
1932
1936
1937
1939
1940
1950
1952
1961
1968
1979
1980
1996
1997
1998
1999
2001
2009
2015
2034
2037
2046
2047
2060
2069
2071
2072
2078
2079
2080
2082
2084
2085
2091
2093
2094
2103
2119
2120
2121
2126
2127
2128
2135
2136
2142
2143
2145
2146
2150
2151
2153
2155
2164
2165
2166
2167
2176
2177
2178
2179
2180
2181
2182
2184
2186
2187
2189
2190
2204
2205
2206
2207
2208
2220
2224
2225
2226
2234
2239
2240
2241
2242
2243
2244
2245
2246
2248
2254
2255
2265
2276
2279
2280
2281
2282
2283
2284
2285
2287
2290
2297
2298
2304
2312
2316
2323
2324
2325
2327
2332
2333
2335
2338
2339
2346
2347
2348
2349
2350
2356
2357
